0.7658	0.0271
0.8177	0.0254
0.8298	0.0256
0.7658	0.0255
0.6629	0.0256
0.5366	0.0261
0.7568	0.0263
0.4127	0.0266
0.6054	0.0266
0.3533	0.0260
0.1714	0.0274
0.5757	0.0305
0.1839	0.0280
0.1560	0.0273
0.3630	0.0284
0.1705	0.0261
0.4734	0.0297
0.5585	0.0277
0.6804	0.0281
0.4314	0.0264
0.7700	0.0284
0.7919	0.0284
0.5047	0.0270
0.7370	0.0280
0.5732	0.0266
0.5952	0.0270
0.2705	0.0266
0.5801	0.0273
0.6715	0.0285
0.2794	0.0280
0.3819	0.0282
0.7374	0.0290
0.5612	0.0286
0.4901	0.0291
0.5175	0.0292
0.3200	0.0284
0.5261	0.0293
0.4660	0.0292
0.5042	0.0288
0.3004	0.0381
0.1964	0.0384
0.2426	0.0392
0.3318	0.0393
0.2084	0.0387
0.1560	0.0393
0.1723	0.0390
0.1864	0.0437
0.1834	0.0439
0.2174	0.0449
0.1609	0.0387
0.1695	0.0389
0.2530	0.0391
0.3597	0.0362
0.4310	0.0374
0.3392	0.0368
0.2945	0.0365
0.5151	0.0369
0.5067	0.0383
0.4627	0.0376
0.6052	0.0385
0.5830	0.0383
0.3517	0.0362
0.4010	0.0372
0.2024	0.0360
0.4540	0.0367
0.1898	0.0357
0.3086	0.0366
0.2966	0.0377
0.1387	0.0406
0.1897	0.0406
0.2860	0.0399
0.2651	0.0398
0.2500	0.0391
0.1951	0.0244
0.4025	0.0257
0.1849	0.0245
0.4989	0.0255
0.3940	0.0254
0.3862	0.0264
0.3491	0.0256
0.8014	0.0272
0.5261	0.0260
0.2975	0.0257
0.2702	0.0250
0.2980	0.0254
0.3603	0.0260
0.5926	0.0267
0.2172	0.0249
0.5313	0.0271
0.7827	0.0283
0.6556	0.0275
0.6519	0.0273
0.4658	0.0282
0.4102	0.0283
0.4435	0.0274
0.3576	0.0268
0.7093	0.0282
0.5839	0.0298
0.3189	0.0292
0.4267	0.0287
0.2010	0.0276
0.7304	0.0304
0.5484	0.0294
0.3223	0.0292
0.5670	0.0297
0.6711	0.0309
0.6540	0.0308
0.4972	0.0298
0.5327	0.0316
0.3276	0.0346
0.2960	0.0341
0.3842	0.0349
0.3620	0.0362
0.1613	0.0330
0.5752	0.0394
0.5068	0.0388
0.1772	0.0356
0.3994	0.0386
0.4336	0.0389
0.3630	0.0395
0.3416	0.0380
0.1856	0.0360
0.2573	0.0426
0.3890	0.0458
0.2050	0.0391
0.1379	0.0370
0.2776	0.0401
0.1515	0.0364
0.1623	0.0305
0.1994	0.0316
0.4628	0.0327
0.5678	0.0322
0.3996	0.0310
0.3015	0.0309
0.1380	0.0320
0.6691	0.0316
0.4282	0.0303
0.3897	0.0297
0.7342	0.0305
0.4116	0.0282
0.3043	0.0282
0.6362	0.0294
0.6115	0.0290
0.5602	0.0295
0.6458	0.0292
0.4153	0.0289
0.1935	0.0266
0.2975	0.0269
0.4714	0.0271
0.3886	0.0269
0.4325	0.0269
0.5399	0.0276
0.5202	0.0274
0.7800	0.0281
0.6692	0.0280
0.6198	0.0276
0.1472	0.0260
0.1837	0.0269
0.2856	0.0270
0.2019	0.0269
0.1533	0.0271
0.1256	0.0329
0.3376	0.0349
0.1104	0.0430
0.1078	0.0428
0.2074	0.0440
0.1776	0.0431
0.1596	0.0431
0.4070	0.0439
0.2745	0.0413
0.3114	0.0420
0.3497	0.0422
0.3945	0.0430
0.2923	0.0417
0.2538	0.0429
0.1884	0.0425
0.4368	0.0448
0.2065	0.0350
0.3977	0.0354
0.2516	0.0335
0.1665	0.0333
0.1313	0.0324
0.1685	0.0330
0.1598	0.0316
0.6134	0.0345
0.2169	0.0286
0.6442	0.0302
0.5670	0.0251
0.2275	0.0233
0.2639	0.0235
0.6658	0.0258
0.6476	0.0252
0.7499	0.0255
0.6523	0.0258
0.8515	0.0258
0.8336	0.0257
0.6372	0.0247
0.5764	0.0240
0.6112	0.0249
0.5486	0.0241
0.2974	0.0232
0.2375	0.0232
0.6441	0.0245
0.3662	0.0243
0.1704	0.0234
0.3835	0.0240
0.6332	0.0246
0.2411	0.0231
0.5277	0.0248
0.8476	0.0264
0.8316	0.0254
0.3958	0.0242
0.6573	0.0247
0.3940	0.0243
0.6829	0.0246
0.2492	0.0234
0.1997	0.0232
0.6876	0.0265
0.4000	0.0282
0.6740	0.0290
0.7120	0.0254
0.7552	0.0252
0.7058	0.0246
0.4063	0.0238
0.4579	0.0241
0.7620	0.0256
0.7042	0.0254
0.8397	0.0263
0.4330	0.0251
0.7331	0.0260
0.1847	0.0235
0.2041	0.0241
0.1556	0.0232
0.1725	0.0232
0.2293	0.0239
0.2984	0.0281
0.4887	0.0290
0.3202	0.0342
0.2890	0.0331
0.4993	0.0336
0.3326	0.0331
0.3551	0.0326
0.6277	0.0335
0.2397	0.0324
0.4587	0.0331
0.4453	0.0331
0.3235	0.0325
0.1687	0.0322
0.3311	0.0331
0.2601	0.0335
0.1842	0.0373
0.2996	0.0382
0.5356	0.0385
0.2729	0.0376
0.5080	0.0390
0.3747	0.0391
0.3563	0.0395
0.3661	0.0403
0.4295	0.0396
0.5039	0.0400
0.1337	0.0386
0.3682	0.0408
0.2513	0.0407
0.1680	0.0319
0.1536	0.0314
0.3706	0.0327
0.2621	0.0323
0.4106	0.0331
0.4936	0.0331
0.5235	0.0332
0.6775	0.0324
0.6500	0.0303
0.5452	0.0299
0.2891	0.0290
0.2807	0.0303
0.1902	0.0291
0.4042	0.0298
0.6079	0.0273
0.7257	0.0274
0.5040	0.0271
0.4432	0.0258
0.3698	0.0258
0.4918	0.0259
0.4887	0.0258
0.7690	0.0262
0.5434	0.0261
0.6784	0.0266
0.7985	0.0274
0.5896	0.0270
0.5527	0.0270
0.4524	0.0265
0.3311	0.0267
0.3891	0.0274
0.4789	0.0272
0.2954	0.0268
0.2611	0.0306
0.6252	0.0324
0.4857	0.0329
0.6989	0.0318
0.6603	0.0321
0.6134	0.0320
0.5592	0.0313
0.5776	0.0315
0.5749	0.0314
0.4357	0.0312
0.4850	0.0319
0.6739	0.0322
0.3819	0.0313
0.5719	0.0300
0.5523	0.0245
0.5658	0.0244
0.5646	0.0250
0.6640	0.0248
0.5706	0.0244
0.5697	0.0244
0.7340	0.0252
0.8261	0.0254
0.4374	0.0237
0.7972	0.0252
0.7563	0.0244
0.8038	0.0244
0.7698	0.0250
0.7286	0.0247
0.7531	0.0252
0.6104	0.0261
0.6780	0.0268
0.2925	0.0258
0.6180	0.0264
0.4140	0.0226
0.3946	0.0228
0.5091	0.0231
0.4740	0.0231
0.4470	0.0230
0.4535	0.0231
0.4560	0.0228
0.8488	0.0246
0.6349	0.0238
0.1557	0.0222
0.5610	0.0245
0.1774	0.0231
0.3482	0.0238
0.1430	0.0224
0.1649	0.0229
0.1753	0.0315
0.5020	0.0337
0.1714	0.0310
0.6658	0.0334
0.6578	0.0330
0.3079	0.0321
0.2888	0.0322
0.3104	0.0317
0.3735	0.0317
0.4222	0.0324
0.4220	0.0322
0.6460	0.0327
0.6305	0.0336
0.4243	0.0292
0.5477	0.0297
0.4939	0.0293
0.5238	0.0295
0.4548	0.0296
0.3427	0.0291
0.4351	0.0235
0.7097	0.0242
0.4538	0.0239
0.4548	0.0241
0.5212	0.0240
0.3639	0.0237
0.4399	0.0241
0.8358	0.0255
0.6162	0.0245
0.2837	0.0231
0.6764	0.0253
0.8067	0.0264
0.5391	0.0243
0.3834	0.0242
0.3941	0.0257
0.2470	0.0264
0.3331	0.0267
0.1480	0.0255
0.1948	0.0253
0.3544	0.0401
0.3553	0.0442
0.1536	0.0429
0.1921	0.0433
0.4003	0.0445
0.3641	0.0438
0.1728	0.0425
0.4195	0.0440
0.3706	0.0437
0.2519	0.0436
0.1341	0.0418
0.2900	0.0395
0.1974	0.0375
0.1245	0.0323
0.0933	0.0321
0.1184	0.0324
0.3728	0.0342
0.4646	0.0345
0.5352	0.0356
0.5612	0.0362
0.6425	0.0401
0.5130	0.0379
