>6JOOA
Amino Acid	probability_DNA	binary_DNA		probability_RNA	binary_RNA
         g	         0.1869	         0		         0.1226	         0	
         s	         0.2547	         0		         0.1424	         0	
         h	         0.1491	         0		         0.1397	         0	
         M	         0.1038	         0		         0.1666	         1	
         K	         0.2478	         0		         0.1882	         1	
         Y	         0.1863	         0		         0.1891	         1	
         h	         0.1061	         0		         0.1285	         0	
         v	         0.0585	         0		         0.0647	         0	
         g	         0.1033	         0		         0.1310	         0	
         i	         0.0655	         0		         0.0614	         0	
         d	         0.1417	         0		         0.1348	         0	
         v	         0.0940	         0		         0.0622	         0	
         g	         0.1974	         0		         0.1037	         0	
         t	         0.1217	         0		         0.0675	         0	
         f	         0.1763	         0		         0.0794	         0	
         s	         0.2783	         0		         0.1102	         0	
         v	         0.0861	         0		         0.0603	         0	
         g	         0.1148	         0		         0.0802	         0	
         l	         0.1083	         0		         0.0664	         0	
         a	         0.0792	         0		         0.0583	         0	
         a	         0.0680	         0		         0.0530	         0	
         i	         0.0683	         0		         0.0520	         0	
         e	         0.0761	         0		         0.0637	         0	
         v	         0.0722	         0		         0.0797	         0	
         d	         0.0874	         0		         0.0950	         0	
         d	         0.0911	         0		         0.1058	         0	
         a	         0.0864	         0		         0.0940	         0	
         g	         0.0861	         0		         0.0943	         0	
         m	         0.0881	         0		         0.0880	         0	
         p	         0.0798	         0		         0.1006	         0	
         i	         0.0806	         0		         0.0842	         0	
         k	         0.1410	         0		         0.0992	         0	
         t	         0.0631	         0		         0.0659	         0	
         l	         0.0667	         0		         0.0653	         0	
         s	         0.1083	         0		         0.1061	         0	
         l	         0.0749	         0		         0.0759	         0	
         v	         0.1122	         0		         0.1118	         0	
         s	         0.0955	         0		         0.1114	         0	
         h	         0.1776	         0		         0.1305	         0	
         i	         0.0777	         0		         0.0716	         0	
         H	         0.1338	         0		         0.1611	         1	
         d	         0.1151	         0		         0.1423	         0	
         s	         0.0941	         0		         0.1106	         0	
         g	         0.0767	         0		         0.0864	         0	
         l	         0.0757	         0		         0.0804	         0	
         d	         0.0795	         0		         0.0955	         0	
         p	         0.0701	         0		         0.0841	         0	
         d	         0.0752	         0		         0.0788	         0	
         e	         0.0757	         0		         0.0772	         0	
         i	         0.0709	         0		         0.0637	         0	
         k	         0.1484	         0		         0.1068	         0	
         s	         0.1044	         0		         0.0900	         0	
         a	         0.0901	         0		         0.0605	         0	
         v	         0.0855	         0		         0.0527	         0	
         t	         0.1799	         0		         0.0780	         0	
         r	         0.1394	         0		         0.0655	         0	
         l	         0.1181	         0		         0.0431	         0	
         a	         0.0933	         0		         0.0367	         0	
         s	         0.1449	         0		         0.0564	         0	
         s	         0.4040	         0		         0.1114	         0	
         g	         0.3319	         0		         0.1054	         0	
         i	         0.1523	         0		         0.0554	         0	
         a	         0.1626	         0		         0.0571	         0	
         R	         0.6112	         1		         0.1538	         1	
         r	         0.3910	         0		         0.1117	         0	
         t	         0.1727	         0		         0.0841	         0	
         R	         0.5021	         1		         0.1778	         1	
         R	         0.5222	         1		         0.1760	         1	
         l	         0.0869	         0		         0.0700	         0	
         y	         0.1731	         0		         0.0915	         0	
         R	         0.2989	         0		         0.1584	         1	
         R	         0.3776	         0		         0.2025	         1	
         k	         0.2571	         0		         0.1474	         0	
         r	         0.2257	         0		         0.1280	         0	
         r	         0.3120	         0		         0.1468	         0	
         R	         0.3346	         0		         0.1860	         1	
         l	         0.0746	         0		         0.0649	         0	
         q	         0.1013	         0		         0.0966	         0	
         q	         0.1045	         0		         0.1070	         0	
         l	         0.0593	         0		         0.0548	         0	
         d	         0.0865	         0		         0.0966	         0	
         k	         0.1495	         0		         0.1141	         0	
         f	         0.0661	         0		         0.0572	         0	
         i	         0.0623	         0		         0.0727	         0	
         q	         0.0846	         0		         0.1036	         0	
         r	         0.1545	         0		         0.1156	         0	
         q	         0.0951	         0		         0.1169	         0	
         g	         0.1020	         0		         0.1214	         0	
         w	         0.0714	         0		         0.0752	         0	
         p	         0.0647	         0		         0.0745	         0	
         v	         0.0615	         0		         0.0671	         0	
         i	         0.0615	         0		         0.0726	         0	
         e	         0.0621	         0		         0.0858	         0	
         l	         0.0622	         0		         0.0961	         0	
         e	         0.0629	         0		         0.0972	         0	
         d	         0.0666	         0		         0.1093	         0	
         y	         0.0633	         0		         0.0812	         0	
         s	         0.0637	         0		         0.0909	         0	
         d	         0.0635	         0		         0.0990	         0	
         p	         0.0733	         0		         0.1072	         0	
         l	         0.0704	         0		         0.0881	         0	
         y	         0.1100	         0		         0.1179	         0	
         p	         0.0713	         0		         0.1125	         0	
         w	         0.1095	         0		         0.1375	         0	
         k	         0.0858	         0		         0.0938	         0	
         v	         0.0687	         0		         0.0668	         0	
         R	         0.2020	         0		         0.1650	         1	
         a	         0.0845	         0		         0.0810	         0	
         e	         0.0969	         0		         0.0993	         0	
         l	         0.0766	         0		         0.0717	         0	
         a	         0.0685	         0		         0.0611	         0	
         a	         0.1133	         0		         0.0957	         0	
         s	         0.0903	         0		         0.0820	         0	
         y	         0.1129	         0		         0.0877	         0	
         i	         0.0675	         0		         0.0725	         0	
         a	         0.0935	         0		         0.1093	         0	
         d	         0.0805	         0		         0.1058	         0	
         e	         0.0752	         0		         0.0822	         0	
         k	         0.0914	         0		         0.0772	         0	
         e	         0.0758	         0		         0.0747	         0	
         r	         0.1056	         0		         0.0831	         0	
         g	         0.1079	         0		         0.0957	         0	
         e	         0.0880	         0		         0.0818	         0	
         k	         0.0925	         0		         0.0755	         0	
         l	         0.0726	         0		         0.0633	         0	
         s	         0.0953	         0		         0.0851	         0	
         v	         0.0936	         0		         0.0700	         0	
         a	         0.0738	         0		         0.0572	         0	
         l	         0.0673	         0		         0.0481	         0	
         r	         0.1295	         0		         0.0846	         0	
         H	         0.1991	         0		         0.1837	         1	
         i	         0.0727	         0		         0.0617	         0	
         a	         0.0845	         0		         0.0674	         0	
         R	         0.3511	         0		         0.1640	         1	
         H	         0.3285	         0		         0.1711	         1	
         r	         0.4038	         0		         0.1394	         0	
         g	         0.1772	         0		         0.1274	         0	
         w	         0.1507	         0		         0.1048	         0	
         r	         0.2426	         0		         0.1385	         0	
         N	         0.2402	         0		         0.1566	         1	
         p	         0.1210	         0		         0.1024	         0	
         y	         0.2349	         0		         0.1327	         0	
         a	         0.1784	         0		         0.1019	         0	
         k	         0.1338	         0		         0.1026	         0	
         v	         0.0725	         0		         0.0697	         0	
         s	         0.0731	         0		         0.0680	         0	
         s	         0.0887	         0		         0.0841	         0	
         l	         0.0645	         0		         0.0550	         0	
         y	         0.0920	         0		         0.0770	         0	
         l	         0.0825	         0		         0.0743	         0	
         p	         0.0916	         0		         0.1255	         0	
         d	         0.0992	         0		         0.1322	         0	
         g	         0.0912	         0		         0.1002	         0	
         p	         0.0959	         0		         0.1031	         0	
         s	         0.1266	         0		         0.1248	         0	
         d	         0.1076	         0		         0.1335	         0	
         a	         0.0905	         0		         0.0965	         0	
         f	         0.1063	         0		         0.1260	         0	
         k	         0.1126	         0		         0.1185	         0	
         a	         0.0723	         0		         0.0972	         0	
         i	         0.0585	         0		         0.0788	         0	
         r	         0.0719	         0		         0.1077	         0	
         e	         0.0772	         0		         0.1158	         0	
         e	         0.0687	         0		         0.1149	         0	
         i	         0.0616	         0		         0.0823	         0	
         k	         0.0938	         0		         0.1121	         0	
         r	         0.1003	         0		         0.1048	         0	
         a	         0.1156	         0		         0.1274	         0	
         s	         0.1255	         0		         0.1368	         0	
         g	         0.1069	         0		         0.1043	         0	
         q	         0.0699	         0		         0.0698	         0	
         p	         0.0956	         0		         0.0749	         0	
         v	         0.0755	         0		         0.0567	         0	
         p	         0.1089	         0		         0.0763	         0	
         e	         0.0848	         0		         0.0721	         0	
         t	         0.1151	         0		         0.1082	         0	
         a	         0.1594	         0		         0.1040	         0	
         t	         0.2535	         0		         0.1187	         0	
         v	         0.0900	         0		         0.0699	         0	
         g	         0.1207	         0		         0.0768	         0	
         q	         0.0920	         0		         0.0640	         0	
         m	         0.0942	         0		         0.0652	         0	
         v	         0.0758	         0		         0.0592	         0	
         t	         0.0728	         0		         0.0641	         0	
         l	         0.0874	         0		         0.0674	         0	
         c	         0.0868	         0		         0.0766	         0	
         e	         0.0654	         0		         0.0528	         0	
         l	         0.0833	         0		         0.0592	         0	
         g	         0.0805	         0		         0.0644	         0	
         t	         0.1047	         0		         0.0784	         0	
         l	         0.0961	         0		         0.0622	         0	
         k	         0.1470	         0		         0.0706	         0	
         l	         0.0896	         0		         0.0544	         0	
         r	         0.3261	         0		         0.0836	         0	
         g	         0.1775	         0		         0.0737	         0	
         e	         0.1340	         0		         0.0645	         0	
         g	         0.1131	         0		         0.0606	         0	
         g	         0.1425	         0		         0.0695	         0	
         v	         0.1173	         0		         0.0638	         0	
         l	         0.0898	         0		         0.0583	         0	
         s	         0.1147	         0		         0.0653	         0	
         a	         0.1516	         0		         0.0847	         0	
         r	         0.2197	         0		         0.1053	         0	
         l	         0.0828	         0		         0.0696	         0	
         q	         0.1336	         0		         0.0896	         0	
         q	         0.1891	         0		         0.0963	         0	
         s	         0.1260	         0		         0.0846	         0	
         d	         0.0843	         0		         0.0841	         0	
         y	         0.0818	         0		         0.0653	         0	
         a	         0.0714	         0		         0.0671	         0	
         r	         0.0878	         0		         0.0895	         0	
         e	         0.0623	         0		         0.0665	         0	
         i	         0.0618	         0		         0.0726	         0	
         q	         0.0759	         0		         0.1291	         0	
         e	         0.0726	         0		         0.1117	         0	
         i	         0.0609	         0		         0.0723	         0	
         c	         0.0662	         0		         0.0990	         0	
         r	         0.0834	         0		         0.1135	         0	
         m	         0.0788	         0		         0.1189	         0	
         Q	         0.1220	         0		         0.1893	         1	
         e	         0.0903	         0		         0.1402	         0	
         i	         0.0648	         0		         0.0724	         0	
         g	         0.0800	         0		         0.1134	         0	
         q	         0.0675	         0		         0.1039	         0	
         e	         0.0678	         0		         0.1081	         0	
         l	         0.0637	         0		         0.0995	         0	
         y	         0.0751	         0		         0.0948	         0	
         r	         0.0741	         0		         0.1163	         0	
         k	         0.0712	         0		         0.1048	         0	
         i	         0.0618	         0		         0.0813	         0	
         i	         0.0652	         0		         0.0823	         0	
         d	         0.0727	         0		         0.0962	         0	
         v	         0.0576	         0		         0.0688	         0	
         v	         0.0568	         0		         0.0676	         0	
         f	         0.0708	         0		         0.0996	         0	
         a	         0.0871	         0		         0.1105	         0	
         a	         0.1133	         0		         0.1393	         0	
         e	         0.1361	         0		         0.1287	         0	
         s	         0.1753	         0		         0.1131	         0	
         p	         0.1125	         0		         0.1345	         0	
         k	         0.1154	         0		         0.1002	         0	
         g	         0.1458	         0		         0.1309	         0	
         s	         0.1995	         0		         0.1419	         0	
         a	         0.1147	         0		         0.1011	         0	
         s	         0.0775	         0		         0.0974	         0	
         s	         0.1298	         0		         0.1279	         0	
         r	         0.1066	         0		         0.1271	         0	
         v	         0.0537	         0		         0.0992	         0	
         G	         0.1016	         0		         0.2292	         1	
         K	         0.2123	         0		         0.2937	         1	
         D	         0.0574	         0		         0.2416	         1	
         P	         0.1091	         0		         0.1638	         1	
         l	         0.0580	         0		         0.0986	         0	
         q	         0.0680	         0		         0.1125	         0	
         p	         0.0766	         0		         0.1455	         0	
         g	         0.0977	         0		         0.1371	         0	
         k	         0.0784	         0		         0.0893	         0	
         n	         0.0871	         0		         0.1268	         0	
         R	         0.2264	         0		         0.1600	         1	
         a	         0.0655	         0		         0.0690	         0	
         l	         0.0600	         0		         0.0845	         0	
         K	         0.2067	         0		         0.1912	         1	
         a	         0.0811	         0		         0.0862	         0	
         s	         0.0992	         0		         0.1269	         0	
         d	         0.0799	         0		         0.1187	         0	
         a	         0.1061	         0		         0.0949	         0	
         f	         0.0903	         0		         0.0911	         0	
         q	         0.1024	         0		         0.1034	         0	
         r	         0.1203	         0		         0.1032	         0	
         Y	         0.1438	         0		         0.1772	         1	
         r	         0.1604	         0		         0.1363	         0	
         i	         0.0652	         0		         0.0713	         0	
         a	         0.0641	         0		         0.0693	         0	
         a	         0.1203	         0		         0.1033	         0	
         l	         0.0923	         0		         0.0973	         0	
         i	         0.0667	         0		         0.0657	         0	
         g	         0.1437	         0		         0.1174	         0	
         N	         0.2099	         0		         0.1566	         1	
         l	         0.0698	         0		         0.0613	         0	
         r	         0.2112	         0		         0.1182	         0	
         v	         0.0926	         0		         0.0658	         0	
         r	         0.1152	         0		         0.0778	         0	
         v	         0.1008	         0		         0.0797	         0	
         d	         0.1105	         0		         0.0817	         0	
         g	         0.1081	         0		         0.0796	         0	
         e	         0.0999	         0		         0.0834	         0	
         k	         0.1360	         0		         0.0857	         0	
         r	         0.1562	         0		         0.1028	         0	
         i	         0.0889	         0		         0.0920	         0	
         l	         0.0654	         0		         0.0651	         0	
         s	         0.1209	         0		         0.1167	         0	
         v	         0.0821	         0		         0.0864	         0	
         e	         0.0694	         0		         0.0734	         0	
         e	         0.0728	         0		         0.0759	         0	
         k	         0.1237	         0		         0.1109	         0	
         n	         0.0832	         0		         0.0997	         0	
         l	         0.0769	         0		         0.0960	         0	
         v	         0.0651	         0		         0.0759	         0	
         f	         0.0689	         0		         0.0883	         0	
         d	         0.0830	         0		         0.1041	         0	
         h	         0.0735	         0		         0.1008	         0	
         l	         0.0626	         0		         0.0754	         0	
         v	         0.0735	         0		         0.1034	         0	
         n	         0.0941	         0		         0.1298	         0	
         l	         0.0901	         0		         0.1181	         0	
         t	         0.0834	         0		         0.0962	         0	
         p	         0.0768	         0		         0.0961	         0	
         k	         0.0799	         0		         0.0871	         0	
         k	         0.0686	         0		         0.0752	         0	
         e	         0.0850	         0		         0.1035	         0	
         p	         0.0750	         0		         0.0909	         0	
         e	         0.1259	         0		         0.1147	         0	
         w	         0.0980	         0		         0.0978	         0	
         v	         0.0868	         0		         0.0924	         0	
         t	         0.0972	         0		         0.1092	         0	
         i	         0.0708	         0		         0.0723	         0	
         a	         0.0902	         0		         0.0830	         0	
         e	         0.0918	         0		         0.0879	         0	
         i	         0.0714	         0		         0.0694	         0	
         l	         0.0676	         0		         0.0655	         0	
         g	         0.1093	         0		         0.1068	         0	
         i	         0.0740	         0		         0.0587	         0	
         d	         0.1090	         0		         0.0837	         0	
         r	         0.1421	         0		         0.0819	         0	
         g	         0.1413	         0		         0.0815	         0	
         q	         0.0990	         0		         0.0732	         0	
         l	         0.0922	         0		         0.0649	         0	
         i	         0.1483	         0		         0.0927	         0	
         g	         0.2202	         0		         0.0966	         0	
         t	         0.1438	         0		         0.0761	         0	
         a	         0.0980	         0		         0.0636	         0	
         t	         0.1493	         0		         0.0823	         0	
         m	         0.1369	         0		         0.0799	         0	
         t	         0.1422	         0		         0.0918	         0	
         d	         0.1114	         0		         0.0933	         0	
         d	         0.0808	         0		         0.0797	         0	
         g	         0.0873	         0		         0.0951	         0	
         e	         0.0688	         0		         0.0810	         0	
         r	         0.1002	         0		         0.1123	         0	
         a	         0.0754	         0		         0.1146	         0	
         g	         0.0810	         0		         0.1340	         0	
         a	         0.0856	         0		         0.1485	         0	
         R	         0.1398	         0		         0.2532	         1	
         P	         0.0681	         0		         0.2015	         1	
         p	         0.0606	         0		         0.1454	         0	
         T	         0.0707	         0		         0.1501	         1	
         H	         0.1082	         0		         0.1856	         1	
         D	         0.0954	         0		         0.1611	         1	
         t	         0.1023	         0		         0.1490	         0	
         n	         0.0863	         0		         0.1425	         0	
         r	         0.1084	         0		         0.1380	         0	
         s	         0.1072	         0		         0.1244	         0	
         i	         0.0695	         0		         0.0878	         0	
         v	         0.0889	         0		         0.1206	         0	
         N	         0.0991	         0		         0.1761	         1	
         S	         0.1028	         0		         0.2194	         1	
         R	         0.0915	         0		         0.1685	         1	
         i	         0.0669	         0		         0.0961	         0	
         a	         0.1074	         0		         0.1410	         0	
         p	         0.1019	         0		         0.1435	         0	
         l	         0.0627	         0		         0.0813	         0	
         v	         0.0631	         0		         0.0824	         0	
         d	         0.0756	         0		         0.1030	         0	
         w	         0.0833	         0		         0.0874	         0	
         w	         0.0990	         0		         0.0796	         0	
         k	         0.1233	         0		         0.1084	         0	
         t	         0.0853	         0		         0.1046	         0	
         a	         0.0664	         0		         0.0736	         0	
         s	         0.1043	         0		         0.1042	         0	
         a	         0.1001	         0		         0.0963	         0	
         l	         0.0920	         0		         0.0824	         0	
         e	         0.0843	         0		         0.0853	         0	
         q	         0.0810	         0		         0.0886	         0	
         h	         0.0886	         0		         0.1048	         0	
         a	         0.0865	         0		         0.1069	         0	
         m	         0.0757	         0		         0.0829	         0	
         v	         0.0810	         0		         0.0858	         0	
         k	         0.1397	         0		         0.1122	         0	
         a	         0.0807	         0		         0.0721	         0	
         l	         0.0708	         0		         0.0642	         0	
         s	         0.1023	         0		         0.0862	         0	
         n	         0.0789	         0		         0.0748	         0	
         a	         0.0905	         0		         0.0799	         0	
         e	         0.0851	         0		         0.0821	         0	
         v	         0.0929	         0		         0.0773	         0	
         d	         0.0820	         0		         0.0863	         0	
         d	         0.0785	         0		         0.0916	         0	
         f	         0.0831	         0		         0.0897	         0	
         d	         0.0778	         0		         0.0821	         0	
         s	         0.1033	         0		         0.1019	         0	
         p	         0.0865	         0		         0.0980	         0	
         e	         0.0860	         0		         0.0876	         0	
         g	         0.0699	         0		         0.0722	         0	
         a	         0.0932	         0		         0.0869	         0	
         k	         0.1092	         0		         0.0882	         0	
         v	         0.0747	         0		         0.0732	         0	
         q	         0.0871	         0		         0.0850	         0	
         a	         0.0752	         0		         0.0775	         0	
         f	         0.0690	         0		         0.0818	         0	
         f	         0.0678	         0		         0.0751	         0	
         a	         0.0773	         0		         0.0949	         0	
         d	         0.0754	         0		         0.0873	         0	
         l	         0.0654	         0		         0.0762	         0	
         d	         0.0805	         0		         0.1082	         0	
         d	         0.0739	         0		         0.1044	         0	
         d	         0.0722	         0		         0.0921	         0	
         v	         0.0737	         0		         0.0947	         0	
         h	         0.0720	         0		         0.0781	         0	
         a	         0.0779	         0		         0.0852	         0	
         k	         0.0904	         0		         0.0978	         0	
         l	         0.0662	         0		         0.0722	         0	
         d	         0.0688	         0		         0.0874	         0	
         s	         0.0906	         0		         0.0997	         0	
         l	         0.0677	         0		         0.0677	         0	
         h	         0.1111	         0		         0.0914	         0	
         l	         0.0667	         0		         0.0591	         0	
         p	         0.0844	         0		         0.1188	         0	
         v	         0.1155	         0		         0.1203	         0	
         g	         0.1265	         0		         0.1268	         0	
         r	         0.2012	         0		         0.1337	         0	
         a	         0.1000	         0		         0.0883	         0	
         a	         0.1391	         0		         0.0952	         0	
         y	         0.1118	         0		         0.0754	         0	
         s	         0.2043	         0		         0.1152	         0	
         e	         0.0796	         0		         0.0675	         0	
         d	         0.1259	         0		         0.1029	         0	
         t	         0.0847	         0		         0.0721	         0	
         l	         0.0701	         0		         0.0606	         0	
         v	         0.1192	         0		         0.0965	         0	
         r	         0.1638	         0		         0.1064	         0	
         l	         0.0684	         0		         0.0611	         0	
         t	         0.0715	         0		         0.0756	         0	
         r	         0.1059	         0		         0.1214	         0	
         r	         0.0897	         0		         0.0978	         0	
         m	         0.0780	         0		         0.0805	         0	
         l	         0.0756	         0		         0.0749	         0	
         s	         0.0859	         0		         0.0876	         0	
         d	         0.0969	         0		         0.1059	         0	
         g	         0.0902	         0		         0.0940	         0	
         v	         0.0813	         0		         0.0818	         0	
         d	         0.1043	         0		         0.1030	         0	
         l	         0.1076	         0		         0.0898	         0	
         y	         0.1578	         0		         0.1063	         0	
         t	         0.0841	         0		         0.0803	         0	
         a	         0.0702	         0		         0.0642	         0	
         r	         0.0800	         0		         0.0856	         0	
         l	         0.1016	         0		         0.0923	         0	
         q	         0.0872	         0		         0.1037	         0	
         e	         0.0662	         0		         0.0735	         0	
         f	         0.0741	         0		         0.1149	         0	
         g	         0.0835	         0		         0.1335	         0	
         i	         0.0748	         0		         0.1046	         0	
         e	         0.0947	         0		         0.1479	         0	
         p	         0.0984	         0		         0.1404	         0	
         S	         0.1111	         0		         0.1561	         1	
         w	         0.0913	         0		         0.1351	         0	
         t	         0.0651	         0		         0.0950	         0	
         P	         0.1036	         0		         0.2092	         1	
         P	         0.0991	         0		         0.2056	         1	
         t	         0.0643	         0		         0.1478	         0	
         P	         0.0656	         0		         0.1752	         1	
         R	         0.0818	         0		         0.2178	         1	
         i	         0.0563	         0		         0.1191	         0	
         G	         0.0679	         0		         0.1549	         1	
         e	         0.0699	         0		         0.1407	         0	
         P	         0.0894	         0		         0.1614	         1	
         v	         0.0696	         0		         0.0971	         0	
         G	         0.1171	         0		         0.1521	         1	
         N	         0.1608	         0		         0.1726	         1	
         P	         0.0901	         0		         0.1549	         1	
         a	         0.0838	         0		         0.0981	         0	
         v	         0.0690	         0		         0.0856	         0	
         d	         0.0839	         0		         0.1324	         0	
         r	         0.1623	         0		         0.1331	         0	
         v	         0.0799	         0		         0.0819	         0	
         l	         0.0669	         0		         0.0592	         0	
         k	         0.2449	         0		         0.1247	         0	
         t	         0.1163	         0		         0.0987	         0	
         v	         0.0769	         0		         0.0754	         0	
         s	         0.0939	         0		         0.0934	         0	
         r	         0.2328	         0		         0.1268	         0	
         w	         0.0808	         0		         0.0681	         0	
         l	         0.0665	         0		         0.0576	         0	
         e	         0.1433	         0		         0.1036	         0	
         s	         0.0859	         0		         0.0693	         0	
         a	         0.0649	         0		         0.0550	         0	
         t	         0.0904	         0		         0.0695	         0	
         k	         0.2701	         0		         0.1331	         0	
         t	         0.1769	         0		         0.1090	         0	
         w	         0.1740	         0		         0.1056	         0	
         g	         0.1343	         0		         0.1089	         0	
         a	         0.1103	         0		         0.0936	         0	
         p	         0.0830	         0		         0.1066	         0	
         e	         0.0906	         0		         0.1000	         0	
         r	         0.1343	         0		         0.1033	         0	
         v	         0.0666	         0		         0.0580	         0	
         i	         0.0945	         0		         0.0720	         0	
         i	         0.0722	         0		         0.0455	         0	
         e	         0.0757	         0		         0.0451	         0	
         h	         0.1031	         0		         0.0439	         0	
         g	         0.1500	         0		         0.0649	         0	
         g	         0.1199	         0		         0.0411	         0	
         g	         0.3501	         0		         0.0787	         0	
         s	         0.4548	         0		         0.0554	         0	
         g	         0.3210	         0		         0.0574	         0	
         G	         0.5252	         1		         0.0841	         0	
         s	         0.3457	         0		         0.0655	         0	
         m	         0.0887	         0		         0.0384	         0	
         e	         0.1308	         0		         0.0476	         0	
         s	         0.1791	         0		         0.0521	         0	
         v	         0.1468	         0		         0.0482	         0	
         a	         0.1501	         0		         0.0485	         0	
         w	         0.1717	         0		         0.0564	         0	
         m	         0.0822	         0		         0.0585	         0	
         a	         0.0903	         0		         0.0752	         0	
         n	         0.1376	         0		         0.1151	         0	
         e	         0.0734	         0		         0.0736	         0	
         l	         0.0687	         0		         0.0636	         0	
         r	         0.1041	         0		         0.0908	         0	
         s	         0.1331	         0		         0.1075	         0	
         r	         0.1862	         0		         0.1241	         0	
         v	         0.0675	         0		         0.0602	         0	
         a	         0.1103	         0		         0.0942	         0	
         q	         0.1010	         0		         0.0924	         0	
         h	         0.1110	         0		         0.1091	         0	
         f	         0.0903	         0		         0.1157	         0	
         a	         0.1571	         0		         0.0850	         0	
         s	         0.1503	         0		         0.0601	         0	
         h	         0.2242	         0		         0.0730	         0	
         g	         0.1440	         0		         0.0506	         0	
         t	         0.2588	         0		         0.0675	         0	
         t	         0.2650	         0		         0.0766	         0	
         v	         0.0998	         0		         0.0510	         0	
         r	         0.4623	         0		         0.0752	         0	
         v	         0.1338	         0		         0.0527	         0	
         y	         0.1611	         0		         0.0570	         0	
         r	         0.2953	         0		         0.0834	         0	
         g	         0.1698	         0		         0.0753	         0	
         s	         0.1787	         0		         0.0693	         0	
         l	         0.0838	         0		         0.0475	         0	
         t	         0.2698	         0		         0.0818	         0	
         a	         0.1143	         0		         0.0533	         0	
         e	         0.0996	         0		         0.0584	         0	
         a	         0.0839	         0		         0.0412	         0	
         R	         0.5443	         1		         0.0958	         0	
         r	         0.4372	         0		         0.0965	         0	
         a	         0.2420	         0		         0.0637	         0	
         s	         0.3144	         0		         0.0625	         0	
         g	         0.2900	         0		         0.0728	         0	
         i	         0.0878	         0		         0.0385	         0	
         s	         0.1640	         0		         0.0567	         0	
         g	         0.1828	         0		         0.0617	         0	
         k	         0.1354	         0		         0.0616	         0	
         l	         0.0724	         0		         0.0511	         0	
         k	         0.2789	         0		         0.0795	         0	
         f	         0.1122	         0		         0.0645	         0	
         f	         0.0904	         0		         0.0486	         0	
         d	         0.1215	         0		         0.0702	         0	
         g	         0.1994	         0		         0.0724	         0	
         v	         0.2823	         0		         0.0836	         0	
         g	         0.1557	         0		         0.0707	         0	
         k	         0.4385	         0		         0.1377	         0	
         s	         0.3570	         0		         0.1229	         0	
         r	         0.4111	         0		         0.1356	         0	
         l	         0.0879	         0		         0.0612	         0	
         d	         0.1278	         0		         0.1476	         0	
         R	         0.2679	         0		         0.1826	         1	
         R	         0.2301	         0		         0.1550	         1	
         H	         0.1832	         0		         0.1821	         1	
         H	         0.1797	         0		         0.2129	         1	
         a	         0.0714	         0		         0.0596	         0	
         i	         0.0644	         0		         0.0823	         0	
         d	         0.0698	         0		         0.1378	         0	
         a	         0.0581	         0		         0.0619	         0	
         a	         0.0564	         0		         0.0680	         0	
         v	         0.0581	         0		         0.0724	         0	
         i	         0.0592	         0		         0.0673	         0	
         a	         0.0653	         0		         0.0904	         0	
         f	         0.0646	         0		         0.0959	         0	
         t	         0.0815	         0		         0.0980	         0	
         s	         0.0921	         0		         0.1047	         0	
         d	         0.0826	         0		         0.1025	         0	
         y	         0.0986	         0		         0.0903	         0	
         v	         0.0683	         0		         0.0776	         0	
         a	         0.0652	         0		         0.0753	         0	
         e	         0.0917	         0		         0.0963	         0	
         t	         0.1099	         0		         0.1290	         0	
         l	         0.0645	         0		         0.0693	         0	
         a	         0.0747	         0		         0.0858	         0	
         v	         0.0742	         0		         0.0788	         0	
         r	         0.1273	         0		         0.1052	         0	
         s	         0.1014	         0		         0.1085	         0	
         n	         0.1240	         0		         0.1020	         0	
         l	         0.0972	         0		         0.0726	         0	
         k	         0.2004	         0		         0.1218	         0	
         q	         0.0874	         0		         0.0983	         0	
         s	         0.0957	         0		         0.1100	         0	
         q	         0.0803	         0		         0.1045	         0	
         a	         0.0847	         0		         0.0959	         0	
         h	         0.0581	         0		         0.0724	         0	
         r	         0.0939	         0		         0.1219	         0	
         q	         0.0773	         0		         0.1100	         0	
         e	         0.0758	         0		         0.1452	         0	
         a	         0.0783	         0		         0.1331	         0	
         p	         0.0597	         0		         0.0897	         0	
         q	         0.0754	         0		         0.1175	         0	
         w	         0.1006	         0		         0.0892	         0	
         r	         0.1316	         0		         0.1271	         0	
         e	         0.1030	         0		         0.1096	         0	
         f	         0.0854	         0		         0.1143	         0	
         t	         0.0800	         0		         0.0939	         0	
         g	         0.0800	         0		         0.0820	         0	
         k	         0.0938	         0		         0.0742	         0	
         d	         0.0834	         0		         0.0859	         0	
         a	         0.0786	         0		         0.0760	         0	
         e	         0.0780	         0		         0.0824	         0	
         h	         0.1020	         0		         0.1026	         0	
         r	         0.1520	         0		         0.1058	         0	
         a	         0.0771	         0		         0.0779	         0	
         a	         0.0852	         0		         0.0802	         0	
         w	         0.1370	         0		         0.0982	         0	
         r	         0.1544	         0		         0.0880	         0	
         v	         0.1012	         0		         0.0786	         0	
         w	         0.1416	         0		         0.0770	         0	
         c	         0.0846	         0		         0.0713	         0	
         q	         0.1040	         0		         0.1194	         0	
         k	         0.1338	         0		         0.1310	         0	
         m	         0.0853	         0		         0.0917	         0	
         e	         0.1096	         0		         0.1115	         0	
         k	         0.1180	         0		         0.0979	         0	
         l	         0.0707	         0		         0.0622	         0	
         s	         0.0728	         0		         0.0716	         0	
         a	         0.0739	         0		         0.0721	         0	
         l	         0.0707	         0		         0.0682	         0	
         l	         0.0703	         0		         0.0702	         0	
         t	         0.0949	         0		         0.0914	         0	
         e	         0.0765	         0		         0.0822	         0	
         d	         0.0716	         0		         0.0729	         0	
         l	         0.0700	         0		         0.0685	         0	
         r	         0.0881	         0		         0.0820	         0	
         d	         0.0755	         0		         0.0744	         0	
         d	         0.0847	         0		         0.1104	         0	
         r	         0.1148	         0		         0.1081	         0	
         v	         0.0810	         0		         0.0598	         0	
         v	         0.0880	         0		         0.0680	         0	
         v	         0.0888	         0		         0.0591	         0	
         m	         0.1740	         0		         0.0776	         0	
         s	         0.1403	         0		         0.0841	         0	
         n	         0.1800	         0		         0.0998	         0	
         v	         0.0780	         0		         0.0525	         0	
         r	         0.2612	         0		         0.1122	         0	
         l	         0.1642	         0		         0.0732	         0	
         r	         0.4101	         0		         0.0999	         0	
         l	         0.0872	         0		         0.0425	         0	
         g	         0.1712	         0		         0.0848	         0	
         n	         0.3145	         0		         0.1003	         0	
         g	         0.3403	         0		         0.1128	         0	
         s	         0.2199	         0		         0.0858	         0	
         a	         0.1092	         0		         0.0523	         0	
         h	         0.3635	         0		         0.1114	         0	
         k	         0.2785	         0		         0.0799	         0	
         e	         0.1334	         0		         0.0754	         0	
         t	         0.2661	         0		         0.1081	         0	
         i	         0.0985	         0		         0.0541	         0	
         g	         0.1717	         0		         0.0997	         0	
         k	         0.1859	         0		         0.0845	         0	
         l	         0.0833	         0		         0.0577	         0	
         s	         0.0990	         0		         0.0839	         0	
         k	         0.2444	         0		         0.1130	         0	
         v	         0.0895	         0		         0.0708	         0	
         k	         0.2088	         0		         0.0975	         0	
         l	         0.0886	         0		         0.0598	         0	
         s	         0.1172	         0		         0.0783	         0	
         s	         0.1347	         0		         0.0877	         0	
         q	         0.1172	         0		         0.0801	         0	
         l	         0.1112	         0		         0.0652	         0	
         s	         0.2243	         0		         0.1068	         0	
         v	         0.0959	         0		         0.0649	         0	
         s	         0.1146	         0		         0.0865	         0	
         d	         0.0803	         0		         0.0730	         0	
         i	         0.0764	         0		         0.0555	         0	
         d	         0.1133	         0		         0.0804	         0	
         k	         0.2016	         0		         0.0885	         0	
         a	         0.0804	         0		         0.0579	         0	
         s	         0.1358	         0		         0.0885	         0	
         s	         0.1180	         0		         0.0876	         0	
         e	         0.0837	         0		         0.0840	         0	
         a	         0.0865	         0		         0.0691	         0	
         l	         0.0697	         0		         0.0567	         0	
         w	         0.1279	         0		         0.0802	         0	
         c	         0.0775	         0		         0.0904	         0	
         a	         0.0702	         0		         0.0632	         0	
         l	         0.0669	         0		         0.0617	         0	
         t	         0.0977	         0		         0.0792	         0	
         r	         0.1844	         0		         0.1023	         0	
         e	         0.0837	         0		         0.0780	         0	
         p	         0.0940	         0		         0.1095	         0	
         g	         0.1000	         0		         0.1155	         0	
         f	         0.0900	         0		         0.1239	         0	
         d	         0.0890	         0		         0.1156	         0	
         p	         0.0868	         0		         0.1154	         0	
         K	         0.1517	         0		         0.1956	         1	
         E	         0.0883	         0		         0.1760	         1	
         g	         0.0721	         0		         0.1318	         0	
         l	         0.0558	         0		         0.0799	         0	
         p	         0.0641	         0		         0.1406	         0	
         a	         0.0631	         0		         0.0883	         0	
         N	         0.1071	         0		         0.2063	         1	
         p	         0.0657	         0		         0.1213	         0	
         E	         0.0867	         0		         0.2178	         1	
         R	         0.1390	         0		         0.1732	         1	
         h	         0.1380	         0		         0.1325	         0	
         i	         0.0710	         0		         0.0633	         0	
         r	         0.1592	         0		         0.0988	         0	
         v	         0.0802	         0		         0.0723	         0	
         N	         0.1865	         0		         0.1742	         1	
         g	         0.1231	         0		         0.1114	         0	
         t	         0.1482	         0		         0.1076	         0	
         h	         0.2116	         0		         0.0960	         0	
         v	         0.0984	         0		         0.0582	         0	
         y	         0.3212	         0		         0.0911	         0	
         a	         0.0935	         0		         0.0523	         0	
         g	         0.0949	         0		         0.0619	         0	
         d	         0.0857	         0		         0.0702	         0	
         n	         0.1201	         0		         0.0826	         0	
         i	         0.0776	         0		         0.0596	         0	
         g	         0.1328	         0		         0.0925	         0	
         l	         0.0684	         0		         0.0615	         0	
         f	         0.1020	         0		         0.1188	         0	
         p	         0.1124	         0		         0.1028	         0	
         v	         0.2259	         0		         0.1249	         0	
         s	         0.1481	         0		         0.0976	         0	
         a	         0.1092	         0		         0.0654	         0	
         g	         0.0921	         0		         0.0630	         0	
         s	         0.2154	         0		         0.0844	         0	
         i	         0.0916	         0		         0.0534	         0	
         a	         0.1561	         0		         0.0800	         0	
         l	         0.0944	         0		         0.0557	         0	
         r	         0.3341	         0		         0.1208	         0	
         g	         0.1120	         0		         0.0822	         0	
         g	         0.1073	         0		         0.0767	         0	
         y	         0.2132	         0		         0.0914	         0	
         a	         0.0894	         0		         0.0464	         0	
         e	         0.1080	         0		         0.0600	         0	
         l	         0.0714	         0		         0.0438	         0	
         g	         0.1253	         0		         0.0783	         0	
         s	         0.2457	         0		         0.0893	         0	
         s	         0.2275	         0		         0.0794	         0	
         f	         0.1231	         0		         0.0637	         0	
         H	         0.4508	         0		         0.1718	         1	
         H	         0.3403	         0		         0.1796	         1	
         a	         0.0901	         0		         0.0544	         0	
         r	         0.2373	         0		         0.1252	         0	
         v	         0.0861	         0		         0.0539	         0	
         y	         0.3192	         0		         0.1317	         0	
         k	         0.3075	         0		         0.0970	         0	
         i	         0.0692	         0		         0.0511	         0	
         t	         0.1090	         0		         0.0755	         0	
         s	         0.1496	         0		         0.1196	         0	
         g	         0.1260	         0		         0.0968	         0	
         K	         0.2532	         0		         0.1569	         1	
         k	         0.2172	         0		         0.1076	         0	
         p	         0.1066	         0		         0.1196	         0	
         a	         0.1044	         0		         0.1343	         0	
         f	         0.1245	         0		         0.1478	         0	
         a	         0.0838	         0		         0.0957	         0	
         m	         0.0844	         0		         0.1124	         0	
         l	         0.0711	         0		         0.0612	         0	
         R	         0.1665	         0		         0.1617	         1	
         v	         0.0767	         0		         0.0964	         0	
         Y	         0.0953	         0		         0.1549	         1	
         t	         0.0769	         0		         0.0910	         0	
         i	         0.0730	         0		         0.0827	         0	
         d	         0.0765	         0		         0.1234	         0	
         l	         0.0634	         0		         0.0620	         0	
         l	         0.0657	         0		         0.0646	         0	
         p	         0.0893	         0		         0.1296	         0	
         y	         0.1093	         0		         0.1091	         0	
         r	         0.1303	         0		         0.1302	         0	
         n	         0.1060	         0		         0.1412	         0	
         q	         0.0852	         0		         0.0943	         0	
         d	         0.0994	         0		         0.1318	         0	
         l	         0.0700	         0		         0.0694	         0	
         f	         0.0838	         0		         0.1003	         0	
         s	         0.1087	         0		         0.0821	         0	
         v	         0.0765	         0		         0.0753	         0	
         e	         0.0770	         0		         0.0614	         0	
         l	         0.0714	         0		         0.0460	         0	
         k	         0.1270	         0		         0.0661	         0	
         p	         0.1047	         0		         0.0635	         0	
         q	         0.1839	         0		         0.0761	         0	
         t	         0.2470	         0		         0.0900	         0	
         m	         0.1268	         0		         0.0642	         0	
         s	         0.3129	         0		         0.0994	         0	
         m	         0.1428	         0		         0.0674	         0	
         r	         0.3426	         0		         0.0832	         0	
         q	         0.1831	         0		         0.0873	         0	
         a	         0.0832	         0		         0.0555	         0	
         e	         0.0807	         0		         0.0629	         0	
         k	         0.1109	         0		         0.0773	         0	
         k	         0.1220	         0		         0.0765	         0	
         l	         0.0664	         0		         0.0492	         0	
         r	         0.1023	         0		         0.0751	         0	
         d	         0.1091	         0		         0.1249	         0	
         a	         0.0787	         0		         0.0790	         0	
         l	         0.0752	         0		         0.0690	         0	
         a	         0.1100	         0		         0.0879	         0	
         t	         0.1378	         0		         0.0888	         0	
         g	         0.1301	         0		         0.0941	         0	
         n	         0.1452	         0		         0.0944	         0	
         a	         0.0849	         0		         0.0611	         0	
         e	         0.1053	         0		         0.0715	         0	
         y	         0.2167	         0		         0.1003	         0	
         l	         0.0776	         0		         0.0558	         0	
         g	         0.1094	         0		         0.0842	         0	
         w	         0.1377	         0		         0.0763	         0	
         l	         0.0725	         0		         0.0541	         0	
         v	         0.0762	         0		         0.0683	         0	
         v	         0.0843	         0		         0.0683	         0	
         d	         0.0914	         0		         0.0782	         0	
         d	         0.0820	         0		         0.0884	         0	
         e	         0.0733	         0		         0.0555	         0	
         l	         0.0710	         0		         0.0525	         0	
         v	         0.0759	         0		         0.0566	         0	
         v	         0.0769	         0		         0.0582	         0	
         d	         0.0914	         0		         0.0712	         0	
         t	         0.0999	         0		         0.0645	         0	
         s	         0.1532	         0		         0.0707	         0	
         k	         0.2240	         0		         0.0796	         0	
         i	         0.1016	         0		         0.0597	         0	
         a	         0.1315	         0		         0.0638	         0	
         t	         0.1594	         0		         0.0691	         0	
         d	         0.1171	         0		         0.0740	         0	
         q	         0.1338	         0		         0.0833	         0	
         v	         0.0779	         0		         0.0553	         0	
         k	         0.1181	         0		         0.0744	         0	
         a	         0.0810	         0		         0.0749	         0	
         v	         0.0791	         0		         0.0827	         0	
         e	         0.0744	         0		         0.0476	         0	
         a	         0.1137	         0		         0.0617	         0	
         e	         0.0792	         0		         0.0515	         0	
         l	         0.0766	         0		         0.0555	         0	
         g	         0.1061	         0		         0.0610	         0	
         t	         0.1086	         0		         0.0651	         0	
         i	         0.1022	         0		         0.0548	         0	
         r	         0.3487	         0		         0.1113	         0	
         r	         0.3277	         0		         0.1244	         0	
         w	         0.2273	         0		         0.0763	         0	
         r	         0.1849	         0		         0.1028	         0	
         v	         0.0807	         0		         0.0643	         0	
         d	         0.1426	         0		         0.0921	         0	
         g	         0.1536	         0		         0.1027	         0	
         f	         0.1359	         0		         0.1091	         0	
         f	         0.1237	         0		         0.0909	         0	
         s	         0.1971	         0		         0.1148	         0	
         p	         0.1565	         0		         0.1021	         0	
         s	         0.2277	         0		         0.1027	         0	
         k	         0.3648	         0		         0.1237	         0	
         l	         0.0820	         0		         0.0493	         0	
         r	         0.2509	         0		         0.1038	         0	
         l	         0.0827	         0		         0.0458	         0	
         r	         0.2972	         0		         0.1202	         0	
         p	         0.1134	         0		         0.0926	         0	
         l	         0.1080	         0		         0.0649	         0	
         q	         0.1152	         0		         0.0858	         0	
         m	         0.0811	         0		         0.0588	         0	
         s	         0.1338	         0		         0.0727	         0	
         k	         0.1371	         0		         0.0685	         0	
         e	         0.0823	         0		         0.0540	         0	
         g	         0.1103	         0		         0.0970	         0	
         i	         0.0754	         0		         0.0625	         0	
         k	         0.1581	         0		         0.0928	         0	
         k	         0.1571	         0		         0.0889	         0	
         e	         0.0972	         0		         0.0713	         0	
         s	         0.0790	         0		         0.0744	         0	
         a	         0.1014	         0		         0.0774	         0	
         p	         0.0820	         0		         0.0788	         0	
         e	         0.0832	         0		         0.0846	         0	
         l	         0.0793	         0		         0.0705	         0	
         s	         0.0877	         0		         0.0954	         0	
         k	         0.1178	         0		         0.1100	         0	
         i	         0.0666	         0		         0.0668	         0	
         i	         0.0664	         0		         0.0636	         0	
         d	         0.1096	         0		         0.1019	         0	
         r	         0.1426	         0		         0.1160	         0	
         P	         0.1392	         0		         0.1510	         1	
         g	         0.1044	         0		         0.1324	         0	
         w	         0.1704	         0		         0.1022	         0	
         l	         0.1034	         0		         0.1018	         0	
         p	         0.0799	         0		         0.1067	         0	
         a	         0.0841	         0		         0.0897	         0	
         v	         0.0684	         0		         0.0757	         0	
         n	         0.0996	         0		         0.1175	         0	
         k	         0.0907	         0		         0.1068	         0	
         l	         0.0623	         0		         0.0652	         0	
         f	         0.0731	         0		         0.0951	         0	
         s	         0.1523	         0		         0.1256	         0	
         d	         0.1762	         0		         0.1018	         0	
         g	         0.1394	         0		         0.0762	         0	
         n	         0.1495	         0		         0.0791	         0	
         v	         0.0954	         0		         0.0561	         0	
         t	         0.1556	         0		         0.0771	         0	
         v	         0.0931	         0		         0.0589	         0	
         v	         0.0866	         0		         0.0526	         0	
         r	         0.2893	         0		         0.0925	         0	
         r	         0.3315	         0		         0.0993	         0	
         d	         0.1628	         0		         0.1002	         0	
         s	         0.0783	         0		         0.0593	         0	
         l	         0.0619	         0		         0.0539	         0	
         g	         0.1070	         0		         0.0934	         0	
         r	         0.0899	         0		         0.0621	         0	
         v	         0.0851	         0		         0.0652	         0	
         r	         0.2268	         0		         0.0939	         0	
         l	         0.0957	         0		         0.0702	         0	
         e	         0.1129	         0		         0.0976	         0	
         s	         0.1243	         0		         0.0998	         0	
         t	         0.1107	         0		         0.0949	         0	
         a	         0.0944	         0		         0.0829	         0	
         h	         0.1345	         0		         0.1112	         0	
         l	         0.0660	         0		         0.0567	         0	
         p	         0.0789	         0		         0.1088	         0	
         v	         0.0692	         0		         0.0764	         0	
         t	         0.1407	         0		         0.1183	         0	
         w	         0.1173	         0		         0.0842	         0	
         k	         0.1730	         0		         0.1024	         0	
         v	         0.0856	         0		         0.0735	         0	
         q	         0.1066	         0		         0.0903	         0	
