0,  36,  88,  90,  96, 319, 320, 322, 525, 529
182, 353, 398, 401, 416, 474, 510, 528, 538, 545
183, 316, 319, 348, 350, 353, 448, 449, 453, 495

0,  36,  70,  88,  90, 319, 322, 395, 525, 529
28,  83,  84,  86,  94,  95,  97, 153, 316, 474
348, 350, 353, 448, 449, 450, 451, 452, 453, 495

0, 319, 320, 529, 182, 353, 538, 545, 183, 316, 319, 348, 350, 353, 448, 449, 395, 525, 529, 28
0, 319, 320, 322, 525, 529, 353, 401, 416, 474, 510, 528, 538, 545, 183, 316, 348, 449, 453, 36
0, 319, 320, 529, 182, 353, 538, 545, 183, 316, 319, 348, 350, 353, 448, 449, 395, 525, 529, 28

12,  13,  14, 153, 183, 254, 316, 319, 348, 350, 353, 357, 448, 449, 450, 451, 452, 453, 495, 496
0,  37,  70,  88,  90,  96, 133, 148, 183, 216, 319, 322, 358, 373, 495, 519, 520, 524, 525, 529
187, 193, 196, 201, 219, 223, 231, 251, 256, 263, 289, 293, 352, 388, 426, 477, 481, 491, 520, 537