Epoch	loss	F-Rr	lAUC1	lAUC2	lAUC3	AUC1	AUC2	AUC3
1	2.432374	0.2369	0.3897	0.1702	9.5737	0.4380	0.4113	0.6702
2	0.749406	0.3357	0.5529	0.2410	9.3741	0.5729	0.4774	0.6712
3	0.902737	0.3781	0.7812	0.2494	9.5008	0.6461	0.5300	0.6885
4	0.819118	0.5119	0.9127	0.3557	9.8581	0.6995	0.5718	0.7348
5	0.733241	0.7151	1.3457	0.4869	9.8353	0.7360	0.6002	0.7636
6	0.691833	1.1649	1.7741	0.8672	9.5181	0.7565	0.6220	0.7638
7	0.772044	1.6355	2.7317	1.1671	8.3624	0.7690	0.6442	0.7485
8	0.749089	2.1462	3.6451	1.5208	6.3656	0.7765	0.6515	0.7314
9	0.680212	2.8753	5.1879	1.9888	4.9347	0.7847	0.6704	0.7038
10	0.667036	3.0874	5.8664	2.0950	4.7810	0.7952	0.6800	0.7018
11	0.668444	3.4299	6.4228	2.3397	6.8950	0.8017	0.6896	0.7302
12	0.676383	3.5331	6.4216	2.4369	10.8274	0.8042	0.6934	0.7857
13	0.555150	3.8126	6.6036	2.6799	12.9841	0.8085	0.6974	0.8139
14	0.540037	4.2952	6.5290	3.2003	12.9379	0.8132	0.7096	0.8007
15	0.594365	3.6632	6.4147	2.5636	12.6610	0.8165	0.7076	0.8082
16	0.620220	3.8148	7.1081	2.6070	13.6947	0.8191	0.7061	0.8419
17	0.639381	4.2144	7.2392	2.9724	13.5616	0.8238	0.7147	0.8367
18	0.461906	4.9127	6.9275	3.8058	13.8459	0.8227	0.7178	0.8394
19	0.624594	3.7559	6.9345	2.5754	14.7657	0.8232	0.7159	0.8499
20	0.648472	4.4606	6.8904	3.2977	15.0348	0.8229	0.7247	0.8477
21	0.644446	4.5417	7.2529	3.3059	14.6573	0.8253	0.7218	0.8555
22	0.510112	4.5410	7.2327	3.3094	16.2952	0.8275	0.7264	0.8601
23	0.520144	5.8960	7.6106	4.8119	15.7071	0.8282	0.7365	0.8559
24	0.564165	5.5410	7.3872	4.4330	15.5020	0.8293	0.7379	0.8604
25	0.552284	3.9430	7.1510	2.7219	17.0647	0.8232	0.7297	0.8611
26	0.618844	5.9470	8.0551	4.7134	16.8573	0.8356	0.7445	0.8638
27	0.536470	6.8049	8.1248	5.8540	17.6144	0.8349	0.7514	0.8672
28	0.506544	6.4951	7.8637	5.5322	16.8911	0.8371	0.7514	0.8628
29	0.457640	6.0757	8.0731	4.8707	16.8350	0.8373	0.7520	0.8551
30	0.550025	5.7294	7.8795	4.5011	16.3592	0.8359	0.7424	0.8546
31	0.525381	6.4044	7.8434	5.4116	17.2958	0.8361	0.7585	0.8527
32	0.486856	5.8599	7.1377	4.9702	17.1193	0.8316	0.7567	0.8589
33	0.551630	6.6103	8.0350	5.6148	18.4936	0.8401	0.7576	0.8691
34	0.625739	5.2613	7.1818	4.1513	17.0170	0.8324	0.7471	0.8582
35	0.504485	7.0184	8.3637	6.0459	16.2293	0.8369	0.7607	0.8666
36	0.510004	5.0396	8.0602	3.6659	14.8748	0.8335	0.7427	0.8586
37	0.518066	6.1581	8.1363	4.9537	16.0161	0.8395	0.7565	0.8609
38	0.516467	6.4959	8.4230	5.2865	15.8113	0.8385	0.7560	0.8596
39	0.568319	7.0861	8.1014	6.2970	16.1448	0.8380	0.7721	0.8602
40	0.506578	7.3236	8.1193	6.6699	17.3364	0.8376	0.7759	0.8636
41	0.592585	7.2624	8.4255	6.3815	17.2829	0.8384	0.7685	0.8590
42	0.507986	6.6105	8.1857	5.5437	16.9974	0.8390	0.7668	0.8571
43	0.527619	7.4608	8.8073	6.4714	16.5016	0.8421	0.7772	0.8614
44	0.500715	7.6288	8.6241	6.8394	15.7888	0.8401	0.7846	0.8601
45	0.512526	7.2105	8.7913	6.1115	14.5731	0.8357	0.7694	0.8559
46	0.486308	7.4344	8.9261	6.3699	15.9614	0.8382	0.7707	0.8597
47	0.482809	7.5262	8.2895	6.8917	16.5505	0.8363	0.7794	0.8547
48	0.565263	8.1034	9.2266	7.2240	16.2878	0.8375	0.7780	0.8566
49	0.454102	8.4064	9.0848	7.8223	16.0943	0.8399	0.7890	0.8524
50	0.474415	7.7154	8.8896	6.8152	15.9909	0.8404	0.7736	0.8621
51	0.377708	8.2830	8.6461	7.9492	16.4785	0.8371	0.7945	0.8605
52	0.440538	8.4038	9.0536	7.8409	15.0834	0.8348	0.7922	0.8564
53	0.480546	8.3046	8.8570	7.8171	15.7292	0.8341	0.7841	0.8541
54	0.446281	8.6643	9.4065	8.0307	16.1167	0.8382	0.7824	0.8577
55	0.435275	9.2271	9.0024	9.4632	16.5417	0.8395	0.8024	0.8568
56	0.440823	8.5573	9.0416	8.1223	17.4057	0.8388	0.7920	0.8573
57	0.542250	9.0093	9.3093	8.7281	16.4830	0.8352	0.8000	0.8598
58	0.435902	8.9900	9.2188	8.7724	16.3928	0.8332	0.8014	0.8583
59	0.575742	8.6685	9.4294	8.0212	16.2503	0.8355	0.7859	0.8575
60	0.384993	7.9753	9.0724	7.1150	14.6950	0.8310	0.7808	0.8587
61	0.533220	8.5318	9.3215	7.8655	14.8338	0.8306	0.7802	0.8587
62	0.474501	8.8934	9.2784	8.5391	16.5148	0.8320	0.7949	0.8577
63	0.467771	8.7879	9.0967	8.4994	15.4348	0.8332	0.7995	0.8572
64	0.426211	8.4485	8.8700	8.0652	15.5918	0.8341	0.7927	0.8569
65	0.420197	8.4478	9.0075	7.9536	14.9955	0.8292	0.7996	0.8610
66	0.480951	8.3525	8.8634	7.8973	17.1521	0.8364	0.7853	0.8678
67	0.431231	8.4618	9.3750	7.7107	16.6381	0.8376	0.7803	0.8686
68	0.429536	8.6157	8.9424	8.3121	16.0990	0.8322	0.8026	0.8642
69	0.482641	8.3859	9.0824	7.7886	17.4960	0.8329	0.7922	0.8658
70	0.363737	9.3006	9.3623	9.2396	16.8087	0.8356	0.8124	0.8665
71	0.385160	8.8930	9.3738	8.4591	17.1735	0.8389	0.7945	0.8672
72	0.435038	9.2292	9.4009	9.0638	17.3264	0.8412	0.8009	0.8653
73	0.389535	9.4125	9.5744	9.2559	15.6490	0.8403	0.8056	0.8635
74	0.451799	9.3033	9.4560	9.1555	16.0276	0.8428	0.8003	0.8670
75	0.417078	9.2194	9.2755	9.1640	16.2510	0.8378	0.7860	0.8684
76	0.405566	8.9873	9.2580	8.7321	15.7165	0.8305	0.7833	0.8663
77	0.376226	8.2335	9.0559	7.5480	16.3661	0.8295	0.7757	0.8678
78	0.464976	8.7676	9.0320	8.5182	16.4509	0.8354	0.7851	0.8685
79	0.416286	9.2958	9.2272	9.3654	16.9072	0.8424	0.8041	0.8663
80	0.440389	9.0847	9.1133	9.0563	17.5103	0.8367	0.7895	0.8662
81	0.412297	9.3601	9.3936	9.3269	17.1316	0.8311	0.7973	0.8655
82	0.349341	9.1105	9.4410	8.8024	16.0455	0.8366	0.7955	0.8699
83	0.417282	8.8477	9.3689	8.3814	15.6425	0.8387	0.8006	0.8692
84	0.362240	9.0853	9.1129	9.0580	16.4400	0.8301	0.7891	0.8656
85	0.432537	9.1805	9.4413	8.9337	17.1775	0.8316	0.7884	0.8656
86	0.454789	9.1400	9.0538	9.2278	15.7040	0.8400	0.8014	0.8720
87	0.401266	9.1399	9.1299	9.1498	16.4382	0.8383	0.7821	0.8708
88	0.407240	9.3257	9.1956	9.4596	16.2085	0.8414	0.7924	0.8725
89	0.418018	9.2699	9.1566	9.3860	16.8653	0.8458	0.7788	0.8738
90	0.365095	9.1664	9.4790	8.8739	16.3509	0.8291	0.7907	0.8675
91	0.365539	9.0940	9.2746	8.9203	15.8845	0.8396	0.7877	0.8654
92	0.389008	10.0408	9.7043	10.4014	15.1530	0.8383	0.8118	0.8671
93	0.405918	10.0384	9.6116	10.5048	16.9817	0.8361	0.8193	0.8689
94	0.362545	9.9895	10.0342	9.9453	15.2098	0.8321	0.8123	0.8669
95	0.402456	9.2215	9.0766	9.3712	17.4901	0.8348	0.7848	0.8703
96	0.353630	9.5544	9.5844	9.5246	15.6406	0.8308	0.7765	0.8683
97	0.373513	9.6015	9.4908	9.7148	15.1484	0.8361	0.7888	0.8659
98	0.390741	10.0615	9.8002	10.3371	15.4464	0.8399	0.7880	0.8691
99	0.425431	9.9419	9.3067	10.6702	15.4215	0.8475	0.7917	0.8715
100	0.351466	10.3385	9.6891	11.0812	15.4482	0.8430	0.8177	0.8722
101	0.415315	9.6648	9.7421	9.5888	15.3453	0.8324	0.8074	0.8718
102	0.403784	10.4112	9.9288	10.9429	15.6132	0.8364	0.8300	0.8713
103	0.388736	9.8824	9.6776	10.0961	16.3881	0.8411	0.7994	0.8729
104	0.353382	10.2721	9.7551	10.8471	15.5730	0.8408	0.8293	0.8674
105	0.480772	10.6162	10.1132	11.1717	16.9026	0.8368	0.8307	0.8715
106	0.363006	10.4088	9.6893	11.2438	16.1005	0.8383	0.8202	0.8721
107	0.430116	10.3867	9.8224	11.0199	15.4377	0.8326	0.8249	0.8722
108	0.363556	9.7111	9.8299	9.5951	17.0583	0.8302	0.8039	0.8706
109	0.449223	10.2554	9.7386	10.8301	16.5265	0.8395	0.8077	0.8714
110	0.427586	10.1972	9.8235	10.6004	15.9659	0.8453	0.8088	0.8728
111	0.352131	10.1059	9.6278	10.6340	17.3044	0.8467	0.8040	0.8727
112	0.368731	9.7543	9.8871	9.6250	15.6579	0.8273	0.8169	0.8670
113	0.389374	9.3414	9.8103	8.9154	15.1917	0.8313	0.7962	0.8695
114	0.335192	9.6570	9.1763	10.1909	14.7871	0.8356	0.7878	0.8714
115	0.401032	9.6037	9.5203	9.6887	15.7676	0.8433	0.7871	0.8726
116	0.378985	9.6102	9.1396	10.1318	14.9316	0.8290	0.8149	0.8636
117	0.326967	9.7860	9.6222	9.9555	15.0266	0.8418	0.8079	0.8660
118	0.380093	9.6116	9.7528	9.4744	14.1350	0.8428	0.8139	0.8626
119	0.385161	9.9346	9.8009	10.0720	14.6205	0.8441	0.8172	0.8640
120	0.332179	8.7008	9.3968	8.1007	15.4959	0.8405	0.7719	0.8682
121	0.355423	9.2651	9.1747	9.3573	14.4158	0.8385	0.8002	0.8723
122	0.327017	10.0540	9.6258	10.5221	13.9217	0.8248	0.8269	0.8676
123	0.368714	10.0224	9.9514	10.0945	14.7550	0.8376	0.8226	0.8717
124	0.399803	10.2113	9.9847	10.4485	15.0925	0.8424	0.8115	0.8706
125	0.408950	9.2687	9.8401	8.7600	14.9592	0.8294	0.7841	0.8763
126	0.337568	9.5074	9.7112	9.3119	13.8126	0.8288	0.7978	0.8720
127	0.341171	9.9257	9.7560	10.1013	14.3450	0.8310	0.8119	0.8707
128	0.301982	9.7107	9.8406	9.5841	14.8654	0.8414	0.7725	0.8738
129	0.410272	9.5299	9.9330	9.1582	14.9510	0.8331	0.7949	0.8761
130	0.333349	10.0228	10.0933	9.9532	14.5276	0.8318	0.8255	0.8725
131	0.326473	9.6318	9.8917	9.3852	14.0843	0.8227	0.8181	0.8752
132	0.297840	10.2642	10.0606	10.4762	13.0545	0.8317	0.8214	0.8692
133	0.419581	9.9149	10.3431	9.5208	13.7789	0.8263	0.8193	0.8751
134	0.413351	9.5184	10.0756	9.0196	14.5632	0.8282	0.8033	0.8743
135	0.339105	9.7979	9.5274	10.0843	14.6327	0.8482	0.8120	0.8689
136	0.365252	9.4917	9.6295	9.3577	16.1772	0.8411	0.8037	0.8705
137	0.329330	9.9221	9.7221	10.1304	15.1838	0.8509	0.8015	0.8712
138	0.321482	10.1436	10.0360	10.2534	15.3054	0.8397	0.8098	0.8693
139	0.300468	10.0330	9.8868	10.1837	16.1121	0.8412	0.7951	0.8653
140	0.298454	10.4646	9.9667	11.0148	15.0720	0.8407	0.8032	0.8655
141	0.376879	10.5684	9.9993	11.2062	14.8901	0.8358	0.8148	0.8726
142	0.293491	10.5587	9.8641	11.3586	13.8710	0.8396	0.8143	0.8716
143	0.395727	10.2117	9.9369	10.5021	14.2712	0.8313	0.8162	0.8661
144	0.412515	9.6031	9.5876	9.6186	14.5903	0.8283	0.8043	0.8643
145	0.387544	9.6807	9.6280	9.7340	15.2831	0.8323	0.8008	0.8635
146	0.312618	9.5967	9.6076	9.5859	15.8576	0.8296	0.7892	0.8695
147	0.364498	9.2185	9.5081	8.9459	15.7818	0.8379	0.7940	0.8672
148	0.296652	10.7781	10.0442	11.6277	14.9926	0.8535	0.8109	0.8646
149	0.362059	10.0296	9.7043	10.3774	14.6890	0.8476	0.7937	0.8664
