Epoch	loss	F-Rr	lAUC1	lAUC2	lAUC3	AUC1	AUC2	AUC3
1	2.392774	0.2794	0.2042	0.4420	8.1488	0.4457	0.5113	0.6294
2	0.735040	0.4381	0.3783	0.5205	8.4898	0.5943	0.5739	0.7010
3	0.727639	0.5857	0.5361	0.6455	8.8645	0.6511	0.6108	0.7403
4	0.682145	0.9488	1.1443	0.8104	9.5151	0.6953	0.6281	0.7743
5	0.820394	1.6782	2.1120	1.3922	9.3566	0.7134	0.6284	0.7883
6	0.853486	2.5889	3.6396	2.0090	8.5573	0.7293	0.6376	0.7720
7	0.605125	3.0889	4.7987	2.2774	7.0943	0.7375	0.6537	0.7475
8	0.829600	3.7106	5.0888	2.9198	6.2125	0.7481	0.6678	0.7270
9	0.671243	4.1331	5.6850	3.2468	6.2520	0.7566	0.6773	0.7165
10	0.619798	4.4553	6.0248	3.5345	7.3076	0.7687	0.6815	0.7393
11	0.561601	4.4780	6.1616	3.5170	8.3048	0.7752	0.6879	0.7712
12	0.720925	4.6827	6.2285	3.7516	9.9743	0.7780	0.6935	0.8099
13	0.567645	4.7364	6.3986	3.7597	10.4460	0.7858	0.6994	0.8075
14	0.642553	4.8496	6.6399	3.8197	11.7591	0.7888	0.7019	0.8306
15	0.660046	4.8663	6.3470	3.9458	13.3134	0.7883	0.7037	0.8565
16	0.684257	4.8842	6.5217	3.9040	12.7891	0.7917	0.7099	0.8475
17	0.700522	5.1446	6.7858	4.1427	14.4642	0.7989	0.7131	0.8621
18	0.652772	5.2406	6.7540	4.2812	15.6445	0.7956	0.7210	0.8690
19	0.742394	4.9822	6.7415	3.9511	14.3546	0.7971	0.7154	0.8675
20	0.637143	5.0816	6.6076	4.1282	15.5388	0.8000	0.7220	0.8768
21	0.547483	5.0959	6.5138	4.1849	17.6438	0.8008	0.7242	0.8878
22	0.609812	5.7058	7.6623	4.5452	17.3313	0.8092	0.7340	0.8846
23	0.574911	5.4055	6.9363	4.4282	17.6237	0.8068	0.7392	0.8892
24	0.635553	5.7212	6.7577	4.9604	16.0058	0.8041	0.7427	0.8801
25	0.545863	5.5523	6.6982	4.7412	17.5934	0.8042	0.7393	0.8857
26	0.596016	5.6959	6.8161	4.8920	17.2517	0.8050	0.7463	0.8823
27	0.592420	5.4406	6.6339	4.6112	17.6321	0.8064	0.7490	0.8863
28	0.565826	6.0345	6.9292	5.3444	17.6486	0.8068	0.7555	0.8840
29	0.558555	5.9201	7.0471	5.1038	18.2256	0.8062	0.7535	0.8887
30	0.572867	6.1927	7.2325	5.4143	18.5383	0.8105	0.7606	0.8882
31	0.481152	5.8459	7.1487	4.9448	18.4442	0.8085	0.7576	0.8934
32	0.536097	5.8747	7.3594	4.8884	17.9300	0.8063	0.7634	0.8823
33	0.534542	6.5924	7.6004	5.8204	18.3061	0.8142	0.7672	0.8860
34	0.494614	6.3862	7.3365	5.6538	18.2800	0.8119	0.7666	0.8860
35	0.525236	6.1202	7.3549	5.2405	17.4585	0.8014	0.7659	0.8842
36	0.539001	6.0091	7.2353	5.1383	17.4909	0.8010	0.7648	0.8843
37	0.539675	6.9292	7.7778	6.2476	18.8342	0.8088	0.7696	0.8901
38	0.554866	6.8115	7.4664	6.2622	18.8752	0.8118	0.7727	0.8907
39	0.421515	6.4664	7.2654	5.8258	18.3534	0.8100	0.7776	0.8877
40	0.470619	7.0370	7.6423	6.5205	17.7952	0.8094	0.7857	0.8860
41	0.568699	7.2100	7.8491	6.6670	19.5256	0.8090	0.7825	0.8873
42	0.511551	7.1919	7.6925	6.7525	19.0889	0.8126	0.7843	0.8811
43	0.504074	7.0891	7.6638	6.5947	19.2537	0.8072	0.7845	0.8887
44	0.593957	6.9064	7.4652	6.4254	19.3376	0.8079	0.7817	0.8875
45	0.444398	6.9156	7.2687	6.5952	17.4652	0.8048	0.7805	0.8833
46	0.490306	7.5255	7.7091	7.3504	18.4017	0.8083	0.7856	0.8865
47	0.445632	7.6446	7.8020	7.4934	19.1808	0.8039	0.7892	0.8907
48	0.577493	7.6899	7.9860	7.4149	18.2391	0.8078	0.7949	0.8896
49	0.495366	8.0383	8.4166	7.6925	18.9681	0.8142	0.7976	0.8910
50	0.568995	7.4494	8.1245	6.8780	17.8414	0.8080	0.7884	0.8887
51	0.461855	7.2218	7.8093	6.7165	17.5365	0.8025	0.7940	0.8907
52	0.585595	7.9200	8.0537	7.7907	17.3910	0.8102	0.7949	0.8912
53	0.493587	7.8895	8.0530	7.7326	17.1997	0.8115	0.8013	0.8883
54	0.449605	7.3974	8.0713	6.8274	17.8587	0.8098	0.8001	0.8921
55	0.505349	7.9317	8.4590	7.4663	19.5515	0.8163	0.7979	0.8952
56	0.483598	7.8067	8.4852	7.2286	21.2508	0.8140	0.8028	0.9029
57	0.467276	7.7051	8.2532	7.2253	16.4278	0.8047	0.8018	0.8938
58	0.454265	8.0624	8.5548	7.6236	17.3106	0.8158	0.8036	0.8937
59	0.536662	7.4676	8.2417	6.8264	17.1656	0.8080	0.8019	0.8946
60	0.472503	7.8693	8.2039	7.5610	19.6212	0.8066	0.8057	0.8979
61	0.432672	7.5736	8.3866	6.9043	19.3695	0.8047	0.8023	0.8960
62	0.536463	7.5978	8.3645	6.9599	19.2508	0.8088	0.8038	0.8957
63	0.386108	7.0720	7.7014	6.5376	21.3464	0.8111	0.7974	0.8968
64	0.417382	8.1408	8.3273	7.9625	19.4540	0.8071	0.8014	0.8981
65	0.486699	8.1650	8.3014	8.0330	19.5020	0.8037	0.7977	0.9009
66	0.456875	8.3134	8.4630	8.1691	19.1287	0.8109	0.7966	0.8995
67	0.428115	8.1248	8.6878	7.6303	19.0020	0.8085	0.8080	0.8949
68	0.441291	8.3745	8.8633	7.9367	18.1203	0.8132	0.7990	0.8938
69	0.451652	8.6049	8.6795	8.5316	17.9586	0.8136	0.8027	0.8977
70	0.455911	8.6861	8.6159	8.7576	18.2401	0.8152	0.8030	0.8966
71	0.483856	8.0668	8.5735	7.6166	18.9777	0.8127	0.8058	0.8986
72	0.408523	7.9039	8.5248	7.3672	18.4322	0.8100	0.8083	0.8974
73	0.422102	7.7225	8.5968	7.0095	18.6368	0.8083	0.8082	0.9004
74	0.440951	7.9766	8.4249	7.5736	18.1351	0.8083	0.8045	0.9001
75	0.382473	7.5643	8.4686	6.8345	19.6510	0.8114	0.8010	0.9004
76	0.400313	7.5984	8.1896	7.0867	19.0309	0.8107	0.7949	0.8942
77	0.432348	7.8166	8.3976	7.3107	19.0276	0.8037	0.7987	0.8953
78	0.451337	8.3938	8.8474	7.9844	18.9906	0.8111	0.8218	0.8983
79	0.373021	7.6096	8.1486	7.1375	18.4576	0.8069	0.7956	0.8983
80	0.421013	7.4328	8.5952	6.5474	18.3255	0.8098	0.8158	0.8964
81	0.419365	8.1946	8.7545	7.7020	19.4234	0.8132	0.8169	0.8966
82	0.388478	8.2261	8.4424	8.0207	18.0516	0.8116	0.8106	0.9007
83	0.390644	8.5547	8.6544	8.4573	19.2518	0.8123	0.8156	0.9025
84	0.390395	8.6050	8.5263	8.6851	18.2308	0.8103	0.8095	0.8982
85	0.445412	8.2234	8.2663	8.1809	18.3531	0.8108	0.8113	0.8985
86	0.478767	7.4921	8.1335	6.9446	19.2489	0.8051	0.7875	0.9000
87	0.361587	7.5422	8.4276	6.8251	19.3068	0.8101	0.8077	0.9004
88	0.379430	7.9225	8.3023	7.5759	18.6456	0.8091	0.8130	0.8984
89	0.390139	8.0345	8.3639	7.7300	18.3003	0.8102	0.8138	0.9000
90	0.530726	8.6358	8.6773	8.5947	19.3245	0.8126	0.8185	0.9034
91	0.382306	8.7764	8.6605	8.8955	18.6187	0.8146	0.8230	0.9041
92	0.363482	8.6572	8.6650	8.6493	19.0169	0.8146	0.8226	0.9033
93	0.438019	9.1353	8.9506	9.3278	18.4967	0.8183	0.8226	0.9004
94	0.374216	8.4649	8.5339	8.3971	18.9556	0.8089	0.8088	0.9078
95	0.380139	7.9083	8.1757	7.6578	18.7621	0.8096	0.8016	0.9071
96	0.406572	7.7381	8.3408	7.2166	19.1582	0.8084	0.8005	0.9024
97	0.369686	8.3398	8.5837	8.1094	18.1185	0.8129	0.8072	0.9023
98	0.450941	8.1145	8.4673	7.7898	18.0722	0.8120	0.8071	0.9017
99	0.453093	8.0771	8.6135	7.6037	18.4085	0.8150	0.8175	0.9027
100	0.363479	8.0660	8.5170	7.6603	18.9972	0.8150	0.8137	0.9046
101	0.410125	8.1926	8.6777	7.7589	18.1954	0.8122	0.8212	0.8983
102	0.399249	8.4216	8.7717	8.0983	18.2029	0.8128	0.8142	0.9017
103	0.367786	9.0347	8.9158	9.1569	18.1140	0.8088	0.8185	0.9033
104	0.380340	8.8378	8.9748	8.7049	18.1049	0.8161	0.8197	0.9021
105	0.457968	8.5805	8.7565	8.4114	18.9652	0.8166	0.8154	0.9047
106	0.387703	8.6578	8.7250	8.5915	18.4608	0.8192	0.8151	0.9014
107	0.398889	8.6170	8.6726	8.5621	18.8835	0.8189	0.8116	0.9000
108	0.371783	8.6565	8.7549	8.5604	19.2235	0.8201	0.8111	0.9007
109	0.434203	8.6792	9.0169	8.3659	18.8644	0.8194	0.8094	0.8987
110	0.356485	9.1383	9.0717	9.2058	18.6499	0.8160	0.8146	0.8974
111	0.419150	8.6660	8.6472	8.6849	18.7364	0.8109	0.8159	0.8949
112	0.439355	9.0672	9.0386	9.0960	18.4782	0.8125	0.8158	0.8960
113	0.394081	8.7108	8.6254	8.7980	18.6794	0.8204	0.8095	0.8984
114	0.449393	8.6231	8.7098	8.5382	18.5172	0.8152	0.7989	0.8984
115	0.429524	8.2414	8.4531	8.0401	18.6457	0.8104	0.7987	0.8939
116	0.437474	8.6675	8.6219	8.7136	18.5253	0.8121	0.8094	0.8942
117	0.422018	8.9143	8.7855	9.0470	18.3549	0.8140	0.8096	0.8950
118	0.341823	8.2682	8.4730	8.0730	18.4660	0.8072	0.7962	0.9022
119	0.422515	9.0943	8.7902	9.4202	18.9323	0.8150	0.8229	0.9031
120	0.342875	8.5683	8.3061	8.8476	18.6439	0.8099	0.8067	0.9018
121	0.333119	9.2236	8.5873	9.9619	19.4128	0.8180	0.8119	0.9053
122	0.387222	8.9629	8.5154	9.4599	18.8719	0.8209	0.7945	0.9037
123	0.391368	9.1207	8.6439	9.6532	18.9059	0.8155	0.8045	0.8994
124	0.372519	8.7314	8.7027	8.7603	18.8545	0.8183	0.8028	0.8988
125	0.347956	8.3848	8.7208	8.0738	18.8067	0.8186	0.8120	0.8964
126	0.362727	8.9452	8.9472	8.9433	18.9610	0.8108	0.8200	0.8959
127	0.400370	8.9716	8.8764	9.0688	17.9046	0.8156	0.8053	0.8930
128	0.316914	8.2423	8.7244	7.8107	18.7104	0.8171	0.7899	0.9015
129	0.357924	8.2070	8.5739	7.8702	18.8493	0.8158	0.8122	0.9013
130	0.363340	8.4828	8.5791	8.3885	18.6983	0.8174	0.8025	0.9002
131	0.362196	9.3670	9.0269	9.7339	18.4467	0.8132	0.8097	0.8961
132	0.398950	9.2753	8.8525	9.7406	18.4380	0.8221	0.8131	0.8944
133	0.338645	9.7690	9.2995	10.2885	18.7532	0.8239	0.8276	0.8856
134	0.343374	10.0058	9.3775	10.7242	18.4335	0.8220	0.8223	0.8921
135	0.377473	9.8637	9.2310	10.5895	18.5413	0.8230	0.8228	0.8968
136	0.392361	9.4449	9.1928	9.7113	18.8834	0.8215	0.8146	0.8938
137	0.402416	8.9051	8.7948	9.0182	18.2995	0.8125	0.7934	0.9013
138	0.366922	9.2152	8.9319	9.5172	18.3928	0.8166	0.8064	0.8962
139	0.392951	9.4068	8.8844	9.9946	18.4383	0.8157	0.8113	0.8955
140	0.337075	9.1293	8.4794	9.8871	17.9955	0.8097	0.8146	0.8953
141	0.344280	9.2205	9.0453	9.4026	18.2730	0.8206	0.8229	0.8868
142	0.365143	8.8918	8.7327	9.0569	18.7507	0.8122	0.8032	0.8955
143	0.322730	8.7128	8.7352	8.6905	18.3778	0.8166	0.7965	0.8918
144	0.371941	8.6974	8.8570	8.5434	18.2409	0.8112	0.7932	0.8939
145	0.414649	8.4564	8.7047	8.2218	18.4873	0.8164	0.7969	0.8950
146	0.325120	9.0919	8.5416	9.7179	18.4116	0.8129	0.8116	0.8952
147	0.324567	9.0494	8.6042	9.5432	18.7500	0.8182	0.8039	0.8956
148	0.345493	8.2196	8.2077	8.2315	18.9284	0.8162	0.7914	0.8990
149	0.281652	9.6189	8.7806	10.6342	19.1223	0.8158	0.8247	0.8981
