0.0963	0.1123
0.1333	0.2005
0.0819	0.1624
0.0937	0.2493
0.0694	0.2848
0.0648	0.2730
0.0383	0.0998
0.0636	0.2530
0.0879	0.2723
0.0408	0.1336
0.0539	0.2038
0.0388	0.1065
0.0773	0.3212
0.0573	0.1973
0.0743	0.1957
0.0679	0.2524
0.0857	0.2187
0.0645	0.2059
0.0572	0.1523
0.0838	0.1983
0.1027	0.2286
0.0534	0.1821
0.0428	0.0931
0.0581	0.1959
0.0596	0.2011
0.0486	0.1786
0.0916	0.3785
0.0610	0.1848
0.0534	0.1577
0.1043	0.4151
0.0941	0.2217
0.0527	0.1132
0.0461	0.0799
0.0835	0.1651
0.1506	0.2370
0.0506	0.0994
0.0565	0.1911
0.0579	0.1405
0.0836	0.1326
0.0682	0.0994
0.0654	0.1095
0.0638	0.1275
0.0652	0.1541
0.0619	0.1137
0.0681	0.1531
0.0609	0.1542
0.0852	0.2377
0.0595	0.1770
0.0503	0.0861
0.0612	0.1991
0.0764	0.2469
0.0526	0.1153
0.0579	0.1846
0.0688	0.2798
0.0594	0.1899
0.0664	0.1954
0.0616	0.2368
0.0627	0.1905
0.0585	0.1442
0.0471	0.1603
0.0462	0.1673
0.0459	0.1604
0.0426	0.1077
0.0435	0.1194
0.0443	0.1045
0.0608	0.1239
0.0838	0.1691
0.0586	0.1086
0.0656	0.1391
0.0733	0.1618
0.0637	0.1958
0.0653	0.1635
0.0656	0.1238
0.0644	0.1491
0.0674	0.1485
0.0538	0.0853
0.0597	0.1340
0.0582	0.0990
0.0618	0.1165
0.0733	0.1423
0.0599	0.1330
0.0628	0.1435
0.0822	0.2096
0.0812	0.2342
0.0786	0.2281
0.0721	0.2941
0.0918	0.3660
0.0605	0.2894
0.0425	0.2464
0.0314	0.1397
0.0383	0.3000
0.0389	0.2772
0.0352	0.1290
0.0764	0.3254
0.0448	0.2921
0.0568	0.3212
0.0664	0.3409
0.0838	0.3141
0.0425	0.1539
0.0809	0.2996
0.0497	0.3906
0.1039	0.3432
0.0361	0.1059
0.0826	0.3376
0.0392	0.1582
0.1043	0.4492
0.0446	0.3645
0.0504	0.3745
0.0768	0.4193
0.1043	0.3705
0.0527	0.1750
0.0537	0.1326
0.0636	0.2462
0.0628	0.2560
0.0467	0.1828
0.0649	0.2485
0.0805	0.2288
0.0419	0.1505
0.0405	0.2195
0.0421	0.1716
0.0472	0.1998
0.0581	0.2857
0.0462	0.2022
0.0498	0.2110
0.0523	0.1929
0.0602	0.1916
0.0443	0.1372
0.0493	0.1618
0.0747	0.2062
0.0387	0.1083
0.0512	0.1458
0.0748	0.2210
0.0969	0.2073
0.0552	0.1057
0.0553	0.1165
0.0759	0.2106
0.0663	0.1706
0.0565	0.1624
0.0482	0.1364
0.0621	0.1679
0.0459	0.0969
0.0503	0.1377
0.0527	0.1485
0.0478	0.1340
0.0503	0.1614
0.0579	0.1500
0.0525	0.1455
0.0571	0.1957
0.0537	0.1538
0.0474	0.1147
0.0534	0.1676
0.0437	0.1148
0.0530	0.1296
0.0532	0.1598
0.0553	0.2186
0.0538	0.1497
0.0563	0.1242
0.0541	0.1282
0.0639	0.1586
0.0516	0.1196
0.0816	0.1792
0.1039	0.1681
0.0711	0.0940
0.0841	0.1397
0.0670	0.1458
0.0695	0.1525
0.0785	0.1544
0.0615	0.1087
0.0570	0.0892
0.0655	0.1448
0.0744	0.1689
0.0625	0.1561
0.0565	0.1243
0.0973	0.2042
0.0565	0.1060
0.0670	0.1671
0.0640	0.1121
0.0576	0.0949
0.0732	0.1860
0.0618	0.1846
0.0603	0.1574
0.0620	0.1946
0.0642	0.1394
0.0526	0.0886
0.0698	0.1856
0.0567	0.1309
0.0771	0.2052
0.0653	0.2162
0.0632	0.1874
0.0631	0.1644
0.0724	0.1083
0.0582	0.1259
0.0742	0.1673
0.0778	0.1612
0.0495	0.1351
0.0401	0.0815
0.0807	0.1702
0.1834	0.2753
0.1373	0.2750
0.0621	0.1317
0.1616	0.3408
0.1654	0.3779
0.0841	0.2048
0.1871	0.4241
0.0651	0.1861
0.0568	0.3462
0.0339	0.2772
0.0240	0.3395
0.0313	0.2765
0.0232	0.1178
0.0236	0.1400
0.0272	0.3407
0.0233	0.2033
0.0259	0.3034
0.0277	0.4389
