M	         0.0505	         0		         0.1976	         1
l	         0.0436	         0		         0.1337	         0
D	         0.0497	         0		         0.1979	         1
P	         0.0523	         0		         0.2302	         1
R	         0.0575	         0		         0.1997	         1
l	         0.0450	         0		         0.1141	         0
s	         0.0473	         0		         0.1458	         0
v	         0.0445	         0		         0.0905	         0
a	         0.0475	         0		         0.0962	         0
P	         0.0518	         0		         0.1787	         1
M	         0.0665	         0		         0.2018	         1
v	         0.0511	         0		         0.1075	         0
D	         0.0632	         0		         0.1675	         1
r	         0.0657	         0		         0.1333	         0
T	         0.1099	         0		         0.1828	         1
D	         0.0844	         0		         0.1942	         1
R	         0.0773	         0		         0.1592	         1
h	         0.0640	         0		         0.1378	         0
F	         0.0577	         0		         0.1646	         1
R	         0.1198	         0		         0.2351	         1
f	         0.0700	         0		         0.1427	         0
l	         0.0450	         0		         0.0909	         0
v	         0.0478	         0		         0.1323	         0
R	         0.0765	         0		         0.2095	         1
q	         0.0542	         0		         0.1313	         0
v	         0.0571	         0		         0.1185	         0
S	         0.0841	         0		         0.1779	         1
l	         0.0576	         0		         0.1252	         0
g	         0.0534	         0		         0.1290	         0
v	         0.0596	         0		         0.1263	         0
r	         0.0538	         0		         0.0995	         0
l	         0.0557	         0		         0.1064	         0
y	         0.0787	         0		         0.1308	         0
T	         0.0984	         0		         0.1742	         1
e	         0.0582	         0		         0.0996	         0
M	         0.0773	         0		         0.1762	         1
t	         0.0590	         0		         0.0870	         0
v	         0.0888	         0		         0.1089	         0
d	         0.0597	         0		         0.0863	         0
q	         0.0796	         0		         0.1224	         0
a	         0.0942	         0		         0.1128	         0
v	         0.0598	         0		         0.0778	         0
l	         0.0678	         0		         0.0844	         0
r	         0.1380	         0		         0.1288	         0
g	         0.0997	         0		         0.1285	         0
n	         0.0879	         0		         0.1236	         0
r	         0.0675	         0		         0.0928	         0
e	         0.0643	         0		         0.1051	         0
r	         0.0767	         0		         0.1281	         0
l	         0.0560	         0		         0.0923	         0
l	         0.0520	         0		         0.0905	         0
a	         0.0560	         0		         0.1279	         0
f	         0.0511	         0		         0.1283	         0
r	         0.0688	         0		         0.1384	         0
p	         0.0613	         0		         0.1322	         0
e	         0.0626	         0		         0.1322	         0
e	         0.0608	         0		         0.1241	         0
h	         0.0669	         0		         0.1240	         0
p	         0.0604	         0		         0.1401	         0
i	         0.0560	         0		         0.0952	         0
a	         0.0593	         0		         0.1084	         0
l	         0.0607	         0		         0.1069	         0
Q	         0.1006	         0		         0.1974	         1
l	         0.0585	         0		         0.0808	         0
a	         0.0639	         0		         0.1172	         0
g	         0.0746	         0		         0.1413	         0
S	         0.1024	         0		         0.1711	         1
D	         0.0856	         0		         0.1753	         1
p	         0.0709	         0		         0.1386	         0
k	         0.0858	         0		         0.1425	         0
s	         0.0695	         0		         0.1339	         0
l	         0.0608	         0		         0.1279	         0
a	         0.0616	         0		         0.1185	         0
e	         0.0665	         0		         0.1256	         0
a	         0.0503	         0		         0.1006	         0
a	         0.0499	         0		         0.1030	         0
r	         0.0791	         0		         0.1390	         0
i	         0.0633	         0		         0.1095	         0
g	         0.0636	         0		         0.1028	         0
e	         0.0691	         0		         0.1208	         0
a	         0.0703	         0		         0.1234	         0
f	         0.0660	         0		         0.1029	         0
g	         0.0699	         0		         0.0990	         0
y	         0.0696	         0		         0.0938	         0
d	         0.0690	         0		         0.1139	         0
e	         0.0681	         0		         0.0968	         0
i	         0.0635	         0		         0.0790	         0
n	         0.0742	         0		         0.1093	         0
l	         0.0638	         0		         0.0754	         0
n	         0.1115	         0		         0.1383	         0
l	         0.0733	         0		         0.1174	         0
g	         0.0869	         0		         0.1310	         0
C	         0.0623	         0		         0.1836	         1
p	         0.0740	         0		         0.1470	         0
s	         0.0822	         0		         0.1232	         0
e	         0.0857	         0		         0.1274	         0
k	         0.1108	         0		         0.1401	         0
a	         0.0713	         0		         0.0952	         0
q	         0.0848	         0		         0.1077	         0
e	         0.0947	         0		         0.1330	         0
g	         0.0900	         0		         0.1316	         0
g	         0.0863	         0		         0.1363	         0
y	         0.0871	         0		         0.1264	         0
G	         0.0749	         0		         0.1650	         1
a	         0.0679	         0		         0.1257	         0
c	         0.0592	         0		         0.1186	         0
l	         0.0490	         0		         0.0899	         0
l	         0.0508	         0		         0.1053	         0
L	         0.0622	         0		         0.1576	         1
D	         0.0611	         0		         0.2001	         1
L	         0.0558	         0		         0.1604	         1
A	         0.0582	         0		         0.1665	         1
r	         0.0568	         0		         0.1445	         0
v	         0.0503	         0		         0.1025	         0
r	         0.0568	         0		         0.1489	         0
E	         0.0556	         0		         0.1730	         1
i	         0.0506	         0		         0.1182	         0
l	         0.0480	         0		         0.1223	         0
K	         0.0697	         0		         0.1999	         1
a	         0.0501	         0		         0.1156	         0
m	         0.0470	         0		         0.1050	         0
G	         0.0592	         0		         0.1712	         1
E	         0.0588	         0		         0.1591	         1
a	         0.0548	         0		         0.1307	         0
v	         0.0531	         0		         0.0945	         0
r	         0.0887	         0		         0.1449	         0
v	         0.0521	         0		         0.0875	         0
p	         0.0551	         0		         0.1332	         0
v	         0.0521	         0		         0.0845	         0
T	         0.1099	         0		         0.1819	         1
v	         0.0572	         0		         0.0873	         0
K	         0.1759	         0		         0.2103	         1
m	         0.0563	         0		         0.0779	         0
r	         0.1142	         0		         0.1417	         0
l	         0.0518	         0		         0.0744	         0
g	         0.0665	         0		         0.1227	         0
l	         0.0605	         0		         0.0956	         0
e	         0.0626	         0		         0.0936	         0
g	         0.0644	         0		         0.0824	         0
k	         0.0858	         0		         0.1054	         0
e	         0.0679	         0		         0.0959	         0
t	         0.0758	         0		         0.1113	         0
y	         0.0816	         0		         0.1024	         0
r	         0.0786	         0		         0.1066	         0
g	         0.0744	         0		         0.1108	         0
l	         0.0659	         0		         0.0941	         0
a	         0.0592	         0		         0.0957	         0
q	         0.0692	         0		         0.1166	         0
s	         0.0620	         0		         0.1090	         0
v	         0.0571	         0		         0.0922	         0
e	         0.0672	         0		         0.1323	         0
a	         0.0615	         0		         0.1019	         0
m	         0.0551	         0		         0.0896	         0
a	         0.0571	         0		         0.1049	         0
e	         0.0618	         0		         0.1210	         0
a	         0.0601	         0		         0.1187	         0
g	         0.0689	         0		         0.1345	         0
v	         0.0573	         0		         0.0885	         0
K	         0.0827	         0		         0.1505	         1
v	         0.0629	         0		         0.1158	         0
f	         0.0556	         0		         0.0812	         0
v	         0.0664	         0		         0.1327	         0
v	         0.0607	         0		         0.0996	         0
H	         0.1248	         0		         0.2971	         1
a	         0.0714	         0		         0.1400	         0
R	         0.1302	         0		         0.2233	         1
S	         0.0943	         0		         0.2038	         1
a	         0.0615	         0		         0.1383	         0
l	         0.0611	         0		         0.1215	         0
l	         0.0580	         0		         0.0970	         0
a	         0.0619	         0		         0.1469	         0
l	         0.0457	         0		         0.1192	         0
S	         0.0603	         0		         0.1542	         1
T	         0.0527	         0		         0.1658	         1
K	         0.0660	         0		         0.1763	         1
a	         0.0482	         0		         0.1179	         0
N	         0.0536	         0		         0.1674	         1
R	         0.0576	         0		         0.1711	         1
E	         0.0434	         0		         0.1565	         1
i	         0.0427	         0		         0.1277	         0
P	         0.0476	         0		         0.1906	         1
P	         0.0471	         0		         0.2034	         1
l	         0.0434	         0		         0.1363	         0
R	         0.0568	         0		         0.2192	         1
H	         0.0564	         0		         0.1907	         1
D	         0.0519	         0		         0.2226	         1
W	         0.0459	         0		         0.1651	         1
v	         0.0445	         0		         0.1329	         0
H	         0.0594	         0		         0.2106	         1
R	         0.0561	         0		         0.1742	         1
l	         0.0468	         0		         0.1117	         0
K	         0.0664	         0		         0.2090	         1
G	         0.0652	         0		         0.1970	         1
d	         0.0526	         0		         0.1489	         0
f	         0.0505	         0		         0.1229	         0
p	         0.0524	         0		         0.1011	         0
q	         0.0645	         0		         0.1417	         0
l	         0.0500	         0		         0.0784	         0
t	         0.0599	         0		         0.1331	         0
f	         0.0578	         0		         0.0901	         0
v	         0.0691	         0		         0.0727	         0
t	         0.0763	         0		         0.0884	         0
n	         0.1976	         0		         0.1464	         0
g	         0.1455	         0		         0.1414	         0
G	         0.1152	         0		         0.1518	         1
i	         0.0607	         0		         0.0748	         0
r	         0.1218	         0		         0.1454	         0
S	         0.1266	         0		         0.1717	         1
l	         0.0598	         0		         0.0985	         0
e	         0.0553	         0		         0.1017	         0
E	         0.0589	         0		         0.1662	         1
a	         0.0477	         0		         0.0857	         0
l	         0.0485	         0		         0.1036	         0
f	         0.0535	         0		         0.1230	         0
h	         0.0528	         0		         0.1459	         0
l	         0.0471	         0		         0.1122	         0
K	         0.0671	         0		         0.1537	         1
R	         0.0922	         0		         0.1608	         1
v	         0.0576	         0		         0.1127	         0
D	         0.0715	         0		         0.1626	         1
g	         0.0794	         0		         0.1462	         0
v	         0.0652	         0		         0.1270	         0
M	         0.0852	         0		         0.1924	         1
l	         0.0633	         0		         0.1022	         0
G	         0.0758	         0		         0.1573	         1
R	         0.1070	         0		         0.1622	         1
a	         0.0674	         0		         0.1232	         0
v	         0.0571	         0		         0.0844	         0
y	         0.0594	         0		         0.0891	         0
e	         0.0665	         0		         0.1201	         0
d	         0.0707	         0		         0.1268	         0
p	         0.0580	         0		         0.1095	         0
f	         0.0601	         0		         0.1001	         0
v	         0.0537	         0		         0.0937	         0
l	         0.0556	         0		         0.1138	         0
e	         0.0606	         0		         0.1250	         0
e	         0.0618	         0		         0.1195	         0
a	         0.0559	         0		         0.0935	         0
d	         0.0609	         0		         0.1233	         0
r	         0.0697	         0		         0.1166	         0
r	         0.0678	         0		         0.1315	         0
v	         0.0588	         0		         0.1082	         0
f	         0.0698	         0		         0.1404	         0
G	         0.0750	         0		         0.1768	         1
L	         0.0644	         0		         0.1679	         1
P	         0.0649	         0		         0.1734	         1
R	         0.0765	         0		         0.1943	         1
R	         0.0721	         0		         0.1601	         1
P	         0.0500	         0		         0.2017	         1
S	         0.0624	         0		         0.2531	         1
R	         0.0715	         0		         0.2124	         1
L	         0.0660	         0		         0.1675	         1
E	         0.0626	         0		         0.1548	         1
v	         0.0595	         0		         0.1249	         0
a	         0.0556	         0		         0.1152	         0
R	         0.0697	         0		         0.1662	         1
r	         0.0682	         0		         0.1349	         0
m	         0.0592	         0		         0.1285	         0
r	         0.0588	         0		         0.1222	         0
a	         0.0594	         0		         0.1346	         0
y	         0.0600	         0		         0.1287	         0
l	         0.0515	         0		         0.0959	         0
e	         0.0520	         0		         0.1142	         0
e	         0.0513	         0		         0.1099	         0
e	         0.0520	         0		         0.1164	         0
v	         0.0535	         0		         0.1060	         0
l	         0.0553	         0		         0.1030	         0
K	         0.0663	         0		         0.1639	         1
G	         0.0638	         0		         0.1720	         1
t	         0.0600	         0		         0.1084	         0
p	         0.0629	         0		         0.1399	         0
p	         0.0570	         0		         0.1174	         0
w	         0.0634	         0		         0.1392	         0
A	         0.0589	         0		         0.1544	         1
v	         0.0532	         0		         0.1293	         0
L	         0.0710	         0		         0.2056	         1
R	         0.1062	         0		         0.2597	         1
H	         0.0571	         0		         0.2795	         1
m	         0.0400	         0		         0.1253	         0
L	         0.0425	         0		         0.1543	         1
N	         0.0517	         0		         0.2524	         1
L	         0.0474	         0		         0.1948	         1
f	         0.0376	         0		         0.1402	         0
R	         0.0751	         0		         0.2634	         1
G	         0.0600	         0		         0.3092	         1
R	         0.0587	         0		         0.2174	         1
P	         0.0649	         0		         0.2845	         1
K	         0.0999	         0		         0.3041	         1
G	         0.0613	         0		         0.1975	         1
R	         0.0952	         0		         0.2942	         1
L	         0.0546	         0		         0.1907	         1
W	         0.0494	         0		         0.1507	         1
R	         0.0993	         0		         0.2592	         1
R	         0.0809	         0		         0.1833	         1
l	         0.0596	         0		         0.1264	         0
l	         0.0535	         0		         0.1026	         0
S	         0.0763	         0		         0.1853	         1
e	         0.0798	         0		         0.1479	         0
g	         0.0678	         0		         0.1000	         0
r	         0.1016	         0		         0.1375	         0
S	         0.0950	         0		         0.1558	         1
l	         0.0711	         0		         0.1193	         0
q	         0.0783	         0		         0.1379	         0
a	         0.0660	         0		         0.1024	         0
l	         0.0618	         0		         0.0948	         0
d	         0.0803	         0		         0.1174	         0
r	         0.1028	         0		         0.1437	         0
a	         0.0735	         0		         0.0912	         0
l	         0.0709	         0		         0.0848	         0
r	         0.0851	         0		         0.1145	         0
l	         0.0757	         0		         0.1002	         0
m	         0.0724	         0		         0.0937	         0
e	         0.0777	         0		         0.1008	         0
e	         0.0815	         0		         0.1046	         0
e	         0.0775	         0		         0.0881	         0
v	         0.0713	         0		         0.0663	         0
g	         0.0753	         0		         0.0785	         0
e	         0.0737	         0		         0.0762	         0
e	         0.0708	         0		         0.0693	         0
g	         0.0870	         0		         0.0980	         0
e	         0.0735	         0		         0.0626	         0
k	         0.1197	         0		         0.1044	         0
e	         0.0854	         0		         0.0805	         0
k	         0.0994	         0		         0.1110	         0
p	         0.0772	         0		         0.0927	         0
g	         0.0894	         0		         0.1202	         0
p	         0.0820	         0		         0.1165	         0
R	         0.1846	         0		         0.1737	         1
G	         0.1216	         0		         0.1564	         1
Q	         0.1358	         0		         0.1618	         1
r	         0.1002	         0		         0.1149	         0
e	         0.0835	         0		         0.1106	         0
a	         0.0712	         0		         0.0730	         0
a	         0.0694	         0		         0.0681	         0
p	         0.0736	         0		         0.1079	         0
g	         0.0820	         0		         0.1021	         0
p	         0.0760	         0		         0.1099	         0
a	         0.0724	         0		         0.0736	         0
r	         0.1323	         0		         0.1230	         0
e	         0.0689	         0		         0.0708	         0
g	         0.0755	         0		         0.1027	         0
v	         0.0668	         0		         0.0804	         0
l	         0.0634	         0		         0.0666	         0
e	         0.0669	         0		         0.0770	         0
H	         0.1036	         0		         0.1957	         1
H	         0.1012	         0		         0.2005	         1
H	         0.0986	         0		         0.2414	         1
H	         0.1095	         0		         0.2656	         1
H	         0.1311	         0		         0.3462	         1
H	         0.1181	         0		         0.2463	         1
