g	         0.1287	         0		         0.0567	         0
a	         0.1014	         0		         0.0548	         0
m	         0.2272	         0		         0.0601	         0
e	         0.2031	         0		         0.0605	         0
a	         0.1787	         0		         0.0573	         0
t	         0.2178	         0		         0.0599	         0
p	         0.1672	         0		         0.0581	         0
t	         0.1453	         0		         0.0567	         0
p	         0.1638	         0		         0.0580	         0
a	         0.1612	         0		         0.0596	         0
d	         0.1409	         0		         0.0623	         0
l	         0.1167	         0		         0.0602	         0
f	         0.0980	         0		         0.0589	         0
s	         0.1330	         0		         0.0605	         0
e	         0.1117	         0		         0.0585	         0
d	         0.1210	         0		         0.0586	         0
y	         0.2122	         0		         0.0593	         0
l	         0.0912	         0		         0.0560	         0
v	         0.0866	         0		         0.0567	         0
d	         0.1309	         0		         0.0585	         0
t	         0.1027	         0		         0.0571	         0
l	         0.1245	         0		         0.0570	         0
d	         0.1382	         0		         0.0578	         0
g	         0.1482	         0		         0.0574	         0
l	         0.0944	         0		         0.0625	         0
t	         0.1333	         0		         0.0583	         0
v	         0.1498	         0		         0.0583	         0
d	         0.1596	         0		         0.0597	         0
d	         0.1388	         0		         0.0574	         0
q	         0.1642	         0		         0.0579	         0
q	         0.1192	         0		         0.0401	         0
a	         0.1694	         0		         0.0407	         0
v	         0.2113	         0		         0.0423	         0
l	         0.1171	         0		         0.0387	         0
a	         0.1922	         0		         0.0410	         0
s	         0.2272	         0		         0.0419	         0
l	         0.1843	         0		         0.0420	         0
s	         0.4645	         0		         0.0463	         0
f	         0.2023	         0		         0.0464	         0
s	         0.3026	         0		         0.0445	         0
K	         0.4966	         1		         0.0479	         0
f	         0.3300	         0		         0.0506	         0
l	         0.1105	         0		         0.0400	         0
k	         0.2918	         0		         0.0441	         0
h	         0.3128	         0		         0.0479	         0
a	         0.1688	         0		         0.0411	         0
k	         0.3864	         0		         0.0472	         0
v	         0.1886	         0		         0.0440	         0
r	         0.3609	         0		         0.0548	         0
d	         0.1798	         0		         0.0501	         0
w	         0.1664	         0		         0.0500	         0
c	         0.1034	         0		         0.0451	         0
a	         0.1506	         0		         0.0468	         0
q	         0.1793	         0		         0.0475	         0
a	         0.1715	         0		         0.0486	         0
k	         0.3570	         0		         0.0498	         0
i	         0.1649	         0		         0.0461	         0
q	         0.1672	         0		         0.0365	         0
p	         0.1530	         0		         0.0388	         0
s	         0.1951	         0		         0.0406	         0
m	         0.1373	         0		         0.0372	         0
p	         0.1596	         0		         0.0391	         0
a	         0.1829	         0		         0.0402	         0
l	         0.1656	         0		         0.0383	         0
R	         0.5588	         1		         0.0459	         0
m	         0.1202	         0		         0.0374	         0
a	         0.1523	         0		         0.0378	         0
y	         0.4671	         0		         0.0417	         0
n	         0.1534	         0		         0.0370	         0
Y	         0.4980	         1		         0.0420	         0
f	         0.3647	         0		         0.0412	         0
l	         0.1142	         0		         0.0347	         0
f	         0.1759	         0		         0.0411	         0
s	         0.2728	         0		         0.0417	         0
K	         0.4978	         1		         0.0438	         0
v	         0.1427	         0		         0.0383	         0
g	         0.2750	         0		         0.0407	         0
e	         0.2674	         0		         0.0408	         0
f	         0.1899	         0		         0.0395	         0
i	         0.1696	         0		         0.0381	         0
g	         0.1730	         0		         0.0391	         0
s	         0.1640	         0		         0.0403	         0
e	         0.2384	         0		         0.0563	         0
d	         0.2551	         0		         0.0580	         0
v	         0.1416	         0		         0.0550	         0
c	         0.1185	         0		         0.0558	         0
n	         0.1870	         0		         0.0595	         0
f	         0.1815	         0		         0.0591	         0
f	         0.1535	         0		         0.0595	         0
v	         0.1644	         0		         0.0583	         0
d	         0.2410	         0		         0.0584	         0
r	         0.2493	         0		         0.0559	         0
v	         0.1214	         0		         0.0526	         0
f	         0.2213	         0		         0.0587	         0
g	         0.2203	         0		         0.0566	         0
g	         0.2533	         0		         0.0575	         0
v	         0.1621	         0		         0.0531	         0
r	         0.2848	         0		         0.0539	         0
l	         0.1833	         0		         0.0512	         0
l	         0.1717	         0		         0.0524	         0
d	         0.1528	         0		         0.0535	         0
v	         0.0916	         0		         0.0492	         0
a	         0.1509	         0		         0.0514	         0
s	         0.1852	         0		         0.0533	         0
v	         0.1287	         0		         0.0505	         0
y	         0.3080	         0		         0.0489	         0
a	         0.2642	         0		         0.0493	         0
a	         0.1289	         0		         0.0425	         0
c	         0.1354	         0		         0.0459	         0
s	         0.2689	         0		         0.0463	         0
q	         0.2692	         0		         0.0474	         0
m	         0.2406	         0		         0.0463	         0
n	         0.3698	         0		         0.0503	         0
a	         0.2769	         0		         0.0482	         0
h	         0.4341	         0		         0.0491	         0
q	         0.3130	         0		         0.0514	         0
r	         0.2551	         0		         0.0482	         0
h	         0.3401	         0		         0.0533	         0
h	         0.3149	         0		         0.0546	         0
i	         0.1053	         0		         0.0442	         0
c	         0.0894	         0		         0.0403	         0
c	         0.1013	         0		         0.0379	         0
l	         0.1098	         0		         0.0382	         0
v	         0.0930	         0		         0.0323	         0
e	         0.1036	         0		         0.0327	         0
r	         0.3420	         0		         0.0362	         0
a	         0.1620	         0		         0.0325	         0
T	         0.5877	         1		         0.0369	         0
S	         0.4849	         1		         0.0357	         0
s	         0.3674	         0		         0.0344	         0
Q	         0.6677	         1		         0.0374	         0
s	         0.4578	         0		         0.0347	         0
l	         0.2143	         0		         0.0324	         0
n	         0.2907	         0		         0.0365	         0
p	         0.1812	         0		         0.0334	         0
v	         0.0996	         0		         0.0309	         0
w	         0.3299	         0		         0.0337	         0
d	         0.1887	         0		         0.0358	         0
a	         0.1034	         0		         0.0312	         0
l	         0.0959	         0		         0.0304	         0
r	         0.4355	         0		         0.0354	         0
d	         0.3429	         0		         0.0299	         0
g	         0.2944	         0		         0.0289	         0
i	         0.1623	         0		         0.0261	         0
i	         0.2008	         0		         0.0263	         0
S	         0.6616	         1		         0.0298	         0
s	         0.3540	         0		         0.0271	         0
S	         0.7058	         1		         0.0308	         0
K	         0.7845	         1		         0.0317	         0
f	         0.2440	         0		         0.0277	         0
H	         0.5364	         1		         0.0291	         0
W	         0.5631	         1		         0.0286	         0
a	         0.3558	         0		         0.0275	         0
v	         0.3286	         0		         0.0271	         0
K	         0.7384	         1		         0.0283	         0
Q	         0.6352	         1		         0.0280	         0
Q	         0.5238	         1		         0.0307	         0
n	         0.4101	         0		         0.0316	         0
t	         0.2961	         0		         0.0291	         0
s	         0.3530	         0		         0.0307	         0
K	         0.5787	         1		         0.0321	         0
K	         0.5274	         1		         0.0319	         0
i	         0.1175	         0		         0.0333	         0
f	         0.2029	         0		         0.0409	         0
s	         0.1687	         0		         0.0403	         0
p	         0.2647	         0		         0.0404	         0
w	         0.3250	         0		         0.0373	         0
p	         0.2326	         0		         0.0390	         0
i	         0.2518	         0		         0.0390	         0
t	         0.4511	         0		         0.0416	         0
n	         0.4041	         0		         0.0401	         0
N	         0.5182	         1		         0.0421	         0
H	         0.5580	         1		         0.0397	         0
f	         0.4166	         0		         0.0417	         0
v	         0.3010	         0		         0.0416	         0
a	         0.3427	         0		         0.0405	         0
g	         0.2753	         0		         0.0412	         0
p	         0.2441	         0		         0.0403	         0
l	         0.1433	         0		         0.0376	         0
a	         0.1807	         0		         0.0381	         0
f	         0.2280	         0		         0.0527	         0
g	         0.2167	         0		         0.0508	         0
l	         0.1346	         0		         0.0468	         0
r	         0.3748	         0		         0.0511	         0
c	         0.1791	         0		         0.0504	         0
e	         0.1077	         0		         0.0452	         0
e	         0.1811	         0		         0.0501	         0
v	         0.1266	         0		         0.0465	         0
v	         0.1080	         0		         0.0452	         0
k	         0.3079	         0		         0.0494	         0
t	         0.2093	         0		         0.0477	         0
l	         0.0933	         0		         0.0486	         0
l	         0.0896	         0		         0.0489	         0
a	         0.1226	         0		         0.0518	         0
t	         0.1318	         0		         0.0530	         0
l	         0.0971	         0		         0.0510	         0
l	         0.0928	         0		         0.0518	         0
h	         0.1167	         0		         0.0593	         0
p	         0.1682	         0		         0.0630	         0
d	         0.1859	         0		         0.0654	         0
e	         0.1633	         0		         0.0624	         0
t	         0.1462	         0		         0.0603	         0
n	         0.1429	         0		         0.0610	         0
c	         0.1355	         0		         0.0599	         0
l	         0.2079	         0		         0.0386	         0
d	         0.2078	         0		         0.0388	         0
y	         0.1261	         0		         0.0392	         0
g	         0.2086	         0		         0.0308	         0
f	         0.1007	         0		         0.0278	         0
m	         0.1208	         0		         0.0279	         0
q	         0.1850	         0		         0.0282	         0
S	         0.5535	         1		         0.0318	         0
p	         0.2633	         0		         0.0298	         0
q	         0.3640	         0		         0.0308	         0
N	         0.7459	         1		         0.0314	         0
G	         0.5210	         1		         0.0304	         0
i	         0.3182	         0		         0.0288	         0
f	         0.2290	         0		         0.0284	         0
g	         0.4235	         0		         0.0301	         0
v	         0.1782	         0		         0.0275	         0
s	         0.4364	         0		         0.0298	         0
l	         0.1123	         0		         0.0270	         0
d	         0.2393	         0		         0.0429	         0
f	         0.1906	         0		         0.0422	         0
a	         0.1212	         0		         0.0422	         0
a	         0.2319	         0		         0.0422	         0
n	         0.3695	         0		         0.0425	         0
v	         0.1501	         0		         0.0417	         0
k	         0.3808	         0		         0.0475	         0
t	         0.3704	         0		         0.0482	         0
d	         0.3725	         0		         0.0494	         0
t	         0.1997	         0		         0.0475	         0
e	         0.2449	         0		         0.0481	         0
g	         0.2299	         0		         0.0473	         0
r	         0.1640	         0		         0.0462	         0
l	         0.0969	         0		         0.0443	         0
q	         0.1871	         0		         0.0487	         0
f	         0.1673	         0		         0.0499	         0
d	         0.2506	         0		         0.0535	         0
p	         0.1558	         0		         0.0491	         0
n	         0.2258	         0		         0.0422	         0
c	         0.1389	         0		         0.0386	         0
k	         0.2001	         0		         0.0346	         0
v	         0.1601	         0		         0.0337	         0
y	         0.3568	         0		         0.0406	         0
e	         0.1117	         0		         0.0320	         0
i	         0.1081	         0		         0.0317	         0
K	         0.4894	         1		         0.0417	         0
c	         0.1189	         0		         0.0393	         0
R	         0.6278	         1		         0.0411	         0
f	         0.2565	         0		         0.0349	         0
K	         0.6727	         1		         0.0446	         0
Y	         0.6139	         1		         0.0412	         0
t	         0.1268	         0		         0.0318	         0
f	         0.1973	         0		         0.0359	         0
a	         0.2358	         0		         0.0347	         0
k	         0.2872	         0		         0.0362	         0
m	         0.2146	         0		         0.0345	         0
e	         0.1162	         0		         0.0321	         0
c	         0.1345	         0		         0.0385	         0
d	         0.1608	         0		         0.0585	         0
p	         0.1173	         0		         0.0548	         0
i	         0.0982	         0		         0.0500	         0
y	         0.2935	         0		         0.0545	         0
a	         0.2372	         0		         0.0553	         0
a	         0.1569	         0		         0.0550	         0
y	         0.2891	         0		         0.0562	         0
q	         0.1571	         0		         0.0537	         0
r	         0.2316	         0		         0.0550	         0
l	         0.0943	         0		         0.0506	         0
y	         0.1436	         0		         0.0523	         0
e	         0.2483	         0		         0.0585	         0
a	         0.2349	         0		         0.0591	         0
p	         0.1459	         0		         0.0587	         0
g	         0.1665	         0		         0.0661	         0
k	         0.1379	         0		         0.0604	         0
l	         0.1483	         0		         0.0524	         0
a	         0.2050	         0		         0.0503	         0
l	         0.1012	         0		         0.0458	         0
k	         0.1532	         0		         0.0481	         0
d	         0.1485	         0		         0.0485	         0
f	         0.1330	         0		         0.0475	         0
f	         0.1064	         0		         0.0414	         0
y	         0.3516	         0		         0.0476	         0
s	         0.4125	         0		         0.0497	         0
i	         0.1671	         0		         0.0433	         0
s	         0.3633	         0		         0.0485	         0
k	         0.4491	         0		         0.0480	         0
p	         0.2058	         0		         0.0480	         0
a	         0.1436	         0		         0.0442	         0
v	         0.1450	         0		         0.0430	         0
e	         0.1444	         0		         0.0432	         0
y	         0.4283	         0		         0.0496	         0
v	         0.1873	         0		         0.0453	         0
g	         0.1358	         0		         0.0440	         0
l	         0.1565	         0		         0.0444	         0
g	         0.2551	         0		         0.0465	         0
k	         0.3391	         0		         0.0458	         0
l	         0.1435	         0		         0.0424	         0
p	         0.1605	         0		         0.0457	         0
s	         0.3925	         0		         0.0513	         0
e	         0.1585	         0		         0.0459	         0
s	         0.2165	         0		         0.0477	         0
d	         0.1251	         0		         0.0447	         0
y	         0.1888	         0		         0.0454	         0
l	         0.0862	         0		         0.0423	         0
v	         0.0974	         0		         0.0430	         0
a	         0.2179	         0		         0.0457	         0
y	         0.1918	         0		         0.0609	         0
d	         0.1349	         0		         0.0601	         0
q	         0.1360	         0		         0.0571	         0
e	         0.1178	         0		         0.0432	         0
w	         0.2010	         0		         0.0380	         0
e	         0.1756	         0		         0.0363	         0
a	         0.1583	         0		         0.0368	         0
c	         0.1690	         0		         0.0380	         0
p	         0.1467	         0		         0.0365	         0
r	         0.2379	         0		         0.0382	         0
k	         0.4270	         0		         0.0419	         0
K	         0.5572	         1		         0.0434	         0
R	         0.5991	         1		         0.0418	         0
K	         0.5433	         1		         0.0400	         0
l	         0.2017	         0		         0.0369	         0
t	         0.1390	         0		         0.0385	         0
p	         0.1589	         0		         0.0366	         0
l	         0.1199	         0		         0.0355	         0
h	         0.3839	         0		         0.0449	         0
n	         0.1557	         0		         0.0395	         0
l	         0.1324	         0		         0.0425	         0
i	         0.1090	         0		         0.0463	         0
r	         0.1997	         0		         0.0504	         0
e	         0.1686	         0		         0.0518	         0
c	         0.0892	         0		         0.0465	         0
i	         0.0947	         0		         0.0441	         0
l	         0.1645	         0		         0.0465	         0
h	         0.1476	         0		         0.0443	         0
n	         0.4009	         0		         0.0483	         0
s	         0.2939	         0		         0.0468	         0
t	         0.2640	         0		         0.0461	         0
t	         0.1771	         0		         0.0445	         0
e	         0.2256	         0		         0.0455	         0
s	         0.4047	         0		         0.0473	         0
d	         0.1716	         0		         0.0451	         0
v	         0.1062	         0		         0.0432	         0
y	         0.1767	         0		         0.0442	         0
v	         0.0953	         0		         0.0429	         0
l	         0.1045	         0		         0.0318	         0
t	         0.1843	         0		         0.0330	         0
d	         0.1271	         0		         0.0320	         0
p	         0.1385	         0		         0.0326	         0
q	         0.1823	         0		         0.0341	         0
d	         0.1305	         0		         0.0305	         0
t	         0.2558	         0		         0.0320	         0
R	         0.6722	         1		         0.0341	         0
g	         0.4470	         0		         0.0333	         0
q	         0.3397	         0		         0.0339	         0
i	         0.1457	         0		         0.0308	         0
s	         0.3575	         0		         0.0369	         0
i	         0.1418	         0		         0.0309	         0
k	         0.3408	         0		         0.0359	         0
a	         0.2051	         0		         0.0334	         0
R	         0.5223	         1		         0.0443	         0
f	         0.1815	         0		         0.0402	         0
K	         0.5312	         1		         0.0449	         0
a	         0.1610	         0		         0.0338	         0
n	         0.2829	         0		         0.0420	         0
l	         0.1335	         0		         0.0339	         0
f	         0.2296	         0		         0.0429	         0
v	         0.1538	         0		         0.0344	         0
N	         0.5657	         1		         0.0440	         0
v	         0.2093	         0		         0.0391	         0
R	         0.6466	         1		         0.0450	         0
H	         0.5756	         1		         0.0482	         0
s	         0.3468	         0		         0.0386	         0
Y	         0.6021	         1		         0.0420	         0
f	         0.2390	         0		         0.0419	         0
y	         0.3265	         0		         0.0397	         0
q	         0.3339	         0		         0.0381	         0
v	         0.1261	         0		         0.0329	         0
l	         0.1037	         0		         0.0340	         0
l	         0.1117	         0		         0.0337	         0
q	         0.4103	         0		         0.0382	         0
s	         0.2798	         0		         0.0472	         0
s	         0.2092	         0		         0.0472	         0
i	         0.1125	         0		         0.0431	         0
v	         0.0941	         0		         0.0420	         0
e	         0.1905	         0		         0.0455	         0
e	         0.1632	         0		         0.0469	         0
y	         0.2278	         0		         0.0464	         0
i	         0.1261	         0		         0.0548	         0
g	         0.2169	         0		         0.0356	         0
l	         0.1742	         0		         0.0350	         0
d	         0.2499	         0		         0.0374	         0
s	         0.2153	         0		         0.0355	         0
g	         0.2341	         0		         0.0352	         0
i	         0.1817	         0		         0.0352	         0
p	         0.1817	         0		         0.0347	         0
R	         0.5966	         1		         0.0329	         0
l	         0.1409	         0		         0.0283	         0
g	         0.1688	         0		         0.0292	         0
s	         0.2282	         0		         0.0327	         0
p	         0.1965	         0		         0.0313	         0
K	         0.6154	         1		         0.0351	         0
Y	         0.5734	         1		         0.0325	         0
Y	         0.7268	         1		         0.0336	         0
i	         0.1337	         0		         0.0250	         0
a	         0.1779	         0		         0.0261	         0
T	         0.6771	         1		         0.0306	         0
g	         0.2411	         0		         0.0276	         0
f	         0.2112	         0		         0.0273	         0
f	         0.4152	         0		         0.0295	         0
R	         0.8059	         1		         0.0322	         0
K	         0.7237	         1		         0.0303	         0
R	         0.7436	         1		         0.0313	         0
G	         0.4934	         1		         0.0300	         0
y	         0.4228	         0		         0.0284	         0
q	         0.3319	         0		         0.0283	         0
d	         0.1794	         0		         0.0262	         0
p	         0.1887	         0		         0.0257	         0
v	         0.2413	         0		         0.0305	         0
n	         0.2778	         0		         0.0318	         0
c	         0.1390	         0		         0.0436	         0
t	         0.3812	         0		         0.0498	         0
i	         0.1237	         0		         0.0432	         0
g	         0.2211	         0		         0.0466	         0
g	         0.2183	         0		         0.0475	         0
d	         0.1929	         0		         0.0474	         0
a	         0.1453	         0		         0.0453	         0
l	         0.1112	         0		         0.0444	         0
d	         0.1464	         0		         0.0473	         0
p	         0.1091	         0		         0.0613	         0
h	         0.1641	         0		         0.0609	         0
v	         0.1130	         0		         0.0630	         0
e	         0.0997	         0		         0.0623	         0
i	         0.0918	         0		         0.0492	         0
p	         0.1024	         0		         0.0541	         0
t	         0.0852	         0		         0.0502	         0
l	         0.0814	         0		         0.0431	         0
l	         0.0806	         0		         0.0427	         0
i	         0.0895	         0		         0.0433	         0
v	         0.1082	         0		         0.0441	         0
t	         0.3049	         0		         0.0495	         0
p	         0.1502	         0		         0.0505	         0
v	         0.1400	         0		         0.0471	         0
y	         0.3999	         0		         0.0517	         0
f	         0.1698	         0		         0.0479	         0
p	         0.2234	         0		         0.0556	         0
r	         0.3826	         0		         0.0538	         0
g	         0.3084	         0		         0.0509	         0
a	         0.1916	         0		         0.0479	         0
k	         0.3152	         0		         0.0474	         0
h	         0.3999	         0		         0.0491	         0
r	         0.2855	         0		         0.0465	         0
l	         0.1773	         0		         0.0438	         0
l	         0.1505	         0		         0.0428	         0
h	         0.4511	         0		         0.0477	         0
q	         0.2753	         0		         0.0467	         0
a	         0.1700	         0		         0.0423	         0
a	         0.1593	         0		         0.0424	         0
n	         0.3274	         0		         0.0458	         0
f	         0.2737	         0		         0.0442	         0
w	         0.4369	         0		         0.0468	         0
s	         0.3159	         0		         0.0460	         0
r	         0.4020	         0		         0.0478	         0
s	         0.2550	         0		         0.0470	         0
a	         0.1474	         0		         0.0434	         0
k	         0.4200	         0		         0.0494	         0
d	         0.2206	         0		         0.0471	         0
t	         0.2123	         0		         0.0468	         0
f	         0.2423	         0		         0.0504	         0
p	         0.2409	         0		         0.0501	         0
y	         0.1442	         0		         0.0446	         0
i	         0.2032	         0		         0.0459	         0
k	         0.1561	         0		         0.0450	         0
w	         0.3354	         0		         0.0530	         0
d	         0.1165	         0		         0.0500	         0
f	         0.1854	         0		         0.0524	         0
s	         0.2789	         0		         0.0558	         0
y	         0.3173	         0		         0.0526	         0
l	         0.0999	         0		         0.0395	         0
s	         0.1141	         0		         0.0463	         0
a	         0.1100	         0		         0.0405	         0
n	         0.1623	         0		         0.0452	         0
v	         0.1925	         0		         0.0449	         0
p	         0.1771	         0		         0.0456	         0
h	         0.1616	         0		         0.0443	         0
s	         0.4639	         0		         0.0526	         0
p	         0.1468	         0		         0.0477	         0
