0.6334	0.0322
0.7623	0.0331
0.7730	0.0325
0.7970	0.0335
0.8385	0.0318
0.8675	0.0318
0.8495	0.0282
0.8695	0.0251
0.8583	0.0243
0.8600	0.0230
0.2753	0.0206
0.8023	0.0219
0.5766	0.0194
0.8696	0.0208
0.5862	0.0205
0.6846	0.0209
0.7043	0.0218
0.7201	0.0206
0.6746	0.0201
0.9132	0.0215
0.9154	0.0213
0.8249	0.0209
0.7950	0.0204
0.8973	0.0212
0.8510	0.0214
0.2196	0.0215
0.5897	0.0204
0.4324	0.0201
0.1326	0.0220
0.2943	0.0208
0.4014	0.0206
0.1146	0.0234
0.4275	0.0330
0.6418	0.0345
0.4881	0.0341
0.3469	0.0336
0.3905	0.0358
0.1349	0.0352
0.4892	0.0347
0.5355	0.0350
0.1657	0.0308
0.5962	0.0236
0.3766	0.0218
0.1420	0.0239
0.5394	0.0224
0.4594	0.0227
0.6287	0.0230
0.7916	0.0227
0.8883	0.0247
0.7509	0.0233
0.8115	0.0241
0.7707	0.0250
0.7327	0.0252
0.8412	0.0264
0.8883	0.0249
0.6931	0.0231
0.8611	0.0267
0.8154	0.0268
0.8305	0.0271
0.2641	0.0266
0.7314	0.0241
0.7165	0.0237
0.8543	0.0305
0.7185	0.0296
0.1744	0.0296
0.2921	0.0242
0.5337	0.0248
0.4667	0.0243
0.2589	0.0231
0.4883	0.0246
0.2651	0.0310
0.3098	0.0305
0.4885	0.0335
0.5575	0.0326
0.4542	0.0331
0.4668	0.0342
0.4023	0.0341
0.7049	0.0332
0.2732	0.0291
