0.2495	0.0538
0.2576	0.0492
0.1221	0.0457
0.3263	0.0488
0.2021	0.0483
0.3135	0.0496
0.2465	0.0477
0.1297	0.0460
0.3701	0.0467
0.3214	0.0461
0.1515	0.0432
0.3529	0.0458
0.2065	0.0471
0.2300	0.0440
0.2770	0.0448
0.4280	0.0435
0.3408	0.0433
0.2976	0.0424
0.3950	0.0438
0.2270	0.0420
0.4686	0.0437
0.3267	0.0445
0.3271	0.0433
0.4189	0.0335
0.2832	0.0337
0.1180	0.0313
0.4527	0.0342
0.1244	0.0305
0.2530	0.0289
0.1536	0.0275
0.6465	0.0311
0.3226	0.0315
0.6239	0.0338
0.7140	0.0318
0.7155	0.0323
0.7860	0.0332
0.7605	0.0322
0.5802	0.0315
0.5173	0.0307
0.2517	0.0291
0.7011	0.0316
0.7032	0.0311
0.7264	0.0312
0.3058	0.0298
0.5562	0.0322
0.5771	0.0324
0.7137	0.0334
0.4901	0.0313
0.4713	0.0321
0.6201	0.0316
0.2437	0.0305
0.4200	0.0321
0.1354	0.0293
0.2943	0.0324
0.2468	0.0357
0.4045	0.0362
0.2010	0.0356
0.2353	0.0311
0.1559	0.0301
0.4691	0.0331
0.1313	0.0297
0.2406	0.0308
0.3082	0.0306
0.2199	0.0295
0.6896	0.0319
0.4175	0.0306
0.2303	0.0299
0.3290	0.0299
0.3697	0.0312
0.3305	0.0305
0.1547	0.0296
0.3990	0.0316
0.2436	0.0454
0.1770	0.0447
0.1130	0.0438
0.2195	0.0460
0.2213	0.0458
0.1766	0.0472
0.1294	0.0450
0.2176	0.0443
0.1531	0.0425
0.2342	0.0421
0.3694	0.0406
0.4015	0.0418
0.3647	0.0421
0.4128	0.0431
0.5453	0.0481
0.4891	0.0445
