v	         0.0873	         0		         0.0860	         0
r	         0.1218	         0		         0.0905	         0
r	         0.2114	         0		         0.0948	         0
d	         0.1154	         0		         0.1024	         0
r	         0.1485	         0		         0.0930	         0
a	         0.1544	         0		         0.1028	         0
p	         0.0964	         0		         0.0859	         0
p	         0.0811	         0		         0.0665	         0
e	         0.0901	         0		         0.0661	         0
r	         0.3057	         0		         0.0760	         0
g	         0.1967	         0		         0.0677	         0
g	         0.1510	         0		         0.0664	         0
a	         0.2118	         0		         0.0535	         0
g	         0.2345	         0		         0.0528	         0
t	         0.3705	         0		         0.0535	         0
s	         0.2889	         0		         0.0475	         0
q	         0.3482	         0		         0.0504	         0
d	         0.3207	         0		         0.0518	         0
g	         0.3501	         0		         0.0508	         0
t	         0.4454	         0		         0.0598	         0
s	         0.2722	         0		         0.0513	         0
K	         0.4760	         1		         0.0657	         0
n	         0.3735	         0		         0.0643	         0
W	         0.4934	         1		         0.0515	         0
f	         0.2101	         0		         0.0618	         0
k	         0.3523	         0		         0.0642	         0
i	         0.1101	         0		         0.0470	         0
t	         0.1743	         0		         0.0495	         0
i	         0.1186	         0		         0.0429	         0
p	         0.1910	         0		         0.0608	         0
y	         0.4100	         0		         0.0721	         0
g	         0.2610	         0		         0.0649	         0
r	         0.3872	         0		         0.0649	         0
k	         0.4673	         0		         0.0779	         0
y	         0.3498	         0		         0.0672	         0
d	         0.2837	         0		         0.0708	         0
k	         0.2815	         0		         0.0674	         0
a	         0.1719	         0		         0.0598	         0
w	         0.1619	         0		         0.0602	         0
l	         0.0781	         0		         0.0437	         0
l	         0.0900	         0		         0.0461	         0
s	         0.2537	         0		         0.0751	         0
m	         0.1516	         0		         0.0632	         0
i	         0.0870	         0		         0.0506	         0
q	         0.1865	         0		         0.0673	         0
s	         0.2823	         0		         0.0662	         0
k	         0.2095	         0		         0.0625	         0
c	         0.1200	         0		         0.0600	         0
s	         0.3199	         0		         0.0680	         0
v	         0.1707	         0		         0.0584	         0
p	         0.1878	         0		         0.0654	         0
f	         0.1253	         0		         0.0611	         0
t	         0.1903	         0		         0.0589	         0
p	         0.1121	         0		         0.0612	         0
i	         0.0901	         0		         0.0543	         0
e	         0.1374	         0		         0.0598	         0
f	         0.1557	         0		         0.0646	         0
h	         0.2745	         0		         0.0717	         0
y	         0.1875	         0		         0.0603	         0
e	         0.1122	         0		         0.0570	         0
n	         0.2239	         0		         0.0672	         0
t	         0.2677	         0		         0.0682	         0
r	         0.2429	         0		         0.0658	         0
a	         0.1089	         0		         0.0544	         0
q	         0.1515	         0		         0.0646	         0
f	         0.1273	         0		         0.0672	         0
f	         0.1167	         0		         0.0641	         0
v	         0.1073	         0		         0.0576	         0
e	         0.1833	         0		         0.0622	         0
d	         0.1711	         0		         0.0665	         0
a	         0.1380	         0		         0.0613	         0
s	         0.1817	         0		         0.0587	         0
t	         0.1300	         0		         0.0557	         0
a	         0.1338	         0		         0.0551	         0
s	         0.2059	         0		         0.0662	         0
a	         0.1428	         0		         0.0563	         0
l	         0.0946	         0		         0.0515	         0
k	         0.2592	         0		         0.0672	         0
a	         0.2946	         0		         0.0707	         0
v	         0.1200	         0		         0.0581	         0
n	         0.2759	         0		         0.0725	         0
y	         0.2270	         0		         0.0665	         0
k	         0.2836	         0		         0.0706	         0
i	         0.1035	         0		         0.0540	         0
l	         0.1579	         0		         0.0711	         0
d	         0.1127	         0		         0.0646	         0
r	         0.1997	         0		         0.0756	         0
e	         0.1600	         0		         0.0716	         0
n	         0.2094	         0		         0.0760	         0
r	         0.2123	         0		         0.0707	         0
r	         0.2528	         0		         0.0841	         0
i	         0.0845	         0		         0.0578	         0
s	         0.1151	         0		         0.0693	         0
i	         0.0908	         0		         0.0602	         0
i	         0.1167	         0		         0.0661	         0
i	         0.0986	         0		         0.0625	         0
n	         0.1853	         0		         0.0770	         0
s	         0.1279	         0		         0.0715	         0
s	         0.1581	         0		         0.0985	         0
a	         0.1931	         0		         0.0816	         0
p	         0.1301	         0		         0.0750	         0
p	         0.1305	         0		         0.0811	         0
h	         0.1542	         0		         0.0793	         0
t	         0.1463	         0		         0.0734	         0
i	         0.0900	         0		         0.0634	         0
l	         0.1068	         0		         0.0653	         0
n	         0.1145	         0		         0.0693	         0
e	         0.1041	         0		         0.0720	         0
l	         0.0852	         0		         0.0641	         0
k	         0.1668	         0		         0.0733	         0
p	         0.1029	         0		         0.0667	         0
e	         0.0887	         0		         0.0613	         0
q	         0.1075	         0		         0.0661	         0
v	         0.0937	         0		         0.0621	         0
e	         0.0980	         0		         0.0647	         0
q	         0.0953	         0		         0.0556	         0
l	         0.0830	         0		         0.0392	         0
k	         0.1949	         0		         0.0472	         0
l	         0.1065	         0		         0.0442	         0
i	         0.0955	         0		         0.0446	         0
m	         0.0872	         0		         0.0425	         0
s	         0.1514	         0		         0.0475	         0
k	         0.3054	         0		         0.0525	         0
R	         0.4855	         1		         0.0528	         0
y	         0.4620	         0		         0.0519	         0
d	         0.3510	         0		         0.0524	         0
g	         0.1848	         0		         0.0455	         0
s	         0.2185	         0		         0.0471	         0
q	         0.2745	         0		         0.0498	         0
q	         0.2516	         0		         0.0508	         0
a	         0.1161	         0		         0.0457	         0
l	         0.0832	         0		         0.0414	         0
d	         0.1292	         0		         0.0598	         0
l	         0.0831	         0		         0.0529	         0
k	         0.1877	         0		         0.0686	         0
g	         0.1320	         0		         0.0641	         0
l	         0.0979	         0		         0.0598	         0
r	         0.2447	         0		         0.0728	         0
s	         0.1264	         0		         0.0670	         0
d	         0.1054	         0		         0.0651	         0
p	         0.0987	         0		         0.0667	         0
d	         0.0997	         0		         0.0635	         0
l	         0.0785	         0		         0.0549	         0
v	         0.0974	         0		         0.0612	         0
a	         0.1129	         0		         0.0646	         0
q	         0.1217	         0		         0.0687	         0
n	         0.1117	         0		         0.0648	         0
i	         0.0832	         0		         0.0543	         0
d	         0.1026	         0		         0.0655	         0
v	         0.0916	         0		         0.0578	         0
v	         0.1192	         0		         0.0613	         0
l	         0.0977	         0		         0.0556	         0
n	         0.2494	         0		         0.0749	         0
r	         0.2742	         0		         0.0761	         0
r	         0.2413	         0		         0.0814	         0
s	         0.2310	         0		         0.0854	         0
c	         0.1460	         0		         0.0677	         0
m	         0.1453	         0		         0.0726	         0
a	         0.1635	         0		         0.0750	         0
a	         0.1199	         0		         0.0656	         0
t	         0.0846	         0		         0.0609	         0
l	         0.0787	         0		         0.0604	         0
r	         0.1204	         0		         0.0732	         0
i	         0.0841	         0		         0.0686	         0
i	         0.0795	         0		         0.0659	         0
e	         0.0927	         0		         0.0738	         0
e	         0.0936	         0		         0.0816	         0
n	         0.0922	         0		         0.0810	         0
i	         0.0787	         0		         0.0671	         0
p	         0.0877	         0		         0.0728	         0
e	         0.0961	         0		         0.0710	         0
l	         0.0773	         0		         0.0598	         0
l	         0.0933	         0		         0.0536	         0
s	         0.1182	         0		         0.0587	         0
l	         0.0812	         0		         0.0473	         0
n	         0.1722	         0		         0.0607	         0
l	         0.0915	         0		         0.0477	         0
s	         0.2182	         0		         0.0633	         0
n	         0.2285	         0		         0.0665	         0
n	         0.3529	         0		         0.0688	         0
r	         0.2472	         0		         0.0663	         0
l	         0.0991	         0		         0.0502	         0
y	         0.2109	         0		         0.0632	         0
r	         0.2117	         0		         0.0633	         0
l	         0.0926	         0		         0.0494	         0
d	         0.1238	         0		         0.0615	         0
d	         0.1304	         0		         0.0607	         0
m	         0.0851	         0		         0.0577	         0
s	         0.1301	         0		         0.0707	         0
s	         0.1434	         0		         0.0748	         0
i	         0.0922	         0		         0.0608	         0
v	         0.1104	         0		         0.0637	         0
q	         0.1833	         0		         0.0747	         0
k	         0.2187	         0		         0.0786	         0
a	         0.1042	         0		         0.0656	         0
p	         0.1419	         0		         0.0735	         0
n	         0.1811	         0		         0.0761	         0
l	         0.0891	         0		         0.0535	         0
k	         0.2233	         0		         0.0511	         0
i	         0.1693	         0		         0.0463	         0
l	         0.0910	         0		         0.0374	         0
n	         0.2292	         0		         0.0507	         0
l	         0.0964	         0		         0.0374	         0
s	         0.2298	         0		         0.0444	         0
g	         0.2996	         0		         0.0463	         0
N	         0.5160	         1		         0.0488	         0
e	         0.2370	         0		         0.0449	         0
l	         0.1315	         0		         0.0389	         0
k	         0.3451	         0		         0.0459	         0
s	         0.1921	         0		         0.0448	         0
e	         0.1058	         0		         0.0396	         0
r	         0.2281	         0		         0.0466	         0
e	         0.1217	         0		         0.0424	         0
l	         0.0825	         0		         0.0469	         0
d	         0.1188	         0		         0.0548	         0
k	         0.1593	         0		         0.0581	         0
i	         0.0854	         0		         0.0572	         0
k	         0.1528	         0		         0.0715	         0
g	         0.1097	         0		         0.0664	         0
l	         0.0813	         0		         0.0649	         0
k	         0.1210	         0		         0.0763	         0
l	         0.0778	         0		         0.0644	         0
e	         0.1001	         0		         0.0664	         0
e	         0.0908	         0		         0.0667	         0
l	         0.0765	         0		         0.0571	         0
w	         0.1128	         0		         0.0692	         0
l	         0.0847	         0		         0.0596	         0
d	         0.1290	         0		         0.0681	         0
g	         0.1637	         0		         0.0765	         0
n	         0.2264	         0		         0.0639	         0
s	         0.1265	         0		         0.0591	         0
l	         0.0904	         0		         0.0496	         0
c	         0.1160	         0		         0.0602	         0
d	         0.1609	         0		         0.0608	         0
t	         0.1871	         0		         0.0621	         0
f	         0.1384	         0		         0.0605	         0
r	         0.3178	         0		         0.0619	         0
d	         0.1850	         0		         0.0607	         0
q	         0.1703	         0		         0.0607	         0
s	         0.1982	         0		         0.0628	         0
t	         0.1977	         0		         0.0636	         0
y	         0.3108	         0		         0.0681	         0
i	         0.1438	         0		         0.0566	         0
s	         0.1857	         0		         0.0640	         0
a	         0.1303	         0		         0.0614	         0
i	         0.0922	         0		         0.0545	         0
r	         0.1589	         0		         0.0644	         0
e	         0.1653	         0		         0.0703	         0
r	         0.1513	         0		         0.0674	         0
f	         0.0938	         0		         0.0746	         0
p	         0.1166	         0		         0.0862	         0
k	         0.2029	         0		         0.0952	         0
l	         0.0771	         0		         0.0636	         0
l	         0.0968	         0		         0.0729	         0
r	         0.1497	         0		         0.0880	         0
l	         0.0730	         0		         0.0596	         0
d	         0.0872	         0		         0.0759	         0
g	         0.0961	         0		         0.0780	         0
h	         0.1136	         0		         0.0846	         0
e	         0.0845	         0		         0.0914	         0
l	         0.0756	         0		         0.0768	         0
p	         0.0920	         0		         0.0927	         0
p	         0.0897	         0		         0.1129	         0
p	         0.0802	         0		         0.1059	         0
i	         0.0750	         0		         0.0933	         0
a	         0.0953	         0		         0.1122	         0
f	         0.0662	         0		         0.1171	         0
