m	         0.1506	         0		         0.0760	         0
e	         0.0911	         0		         0.0635	         0
s	         0.1444	         0		         0.0687	         0
i	         0.0928	         0		         0.0623	         0
q	         0.1357	         0		         0.0695	         0
p	         0.1117	         0		         0.0656	         0
w	         0.1059	         0		         0.0455	         0
i	         0.0782	         0		         0.0416	         0
e	         0.1345	         0		         0.0517	         0
k	         0.2089	         0		         0.0547	         0
f	         0.1195	         0		         0.0530	         0
i	         0.0914	         0		         0.0309	         0
k	         0.2282	         0		         0.0366	         0
q	         0.3913	         0		         0.0433	         0
a	         0.1292	         0		         0.0324	         0
q	         0.1945	         0		         0.0346	         0
q	         0.4243	         0		         0.0460	         0
Q	         0.4930	         1		         0.0455	         0
R	         0.6575	         1		         0.0454	         0
s	         0.4138	         0		         0.0425	         0
q	         0.1200	         0		         0.0334	         0
s	         0.3704	         0		         0.0481	         0
t	         0.4497	         0		         0.0526	         0
K	         0.5439	         1		         0.0551	         0
d	         0.3071	         0		         0.0479	         0
y	         0.4528	         0		         0.0481	         0
p	         0.2082	         0		         0.0455	         0
T	         0.5371	         1		         0.0668	         0
s	         0.3045	         0		         0.0497	         0
y	         0.4045	         0		         0.0472	         0
r	         0.3311	         0		         0.0518	         0
n	         0.3633	         0		         0.0523	         0
l	         0.1108	         0		         0.0373	         0
r	         0.4703	         0		         0.0582	         0
v	         0.1155	         0		         0.0375	         0
K	         0.5661	         1		         0.0612	         0
l	         0.1225	         0		         0.0360	         0
S	         0.5143	         1		         0.0608	         0
f	         0.2229	         0		         0.0631	         0
g	         0.3102	         0		         0.0527	         0
Y	         0.6029	         1		         0.0534	         0
g	         0.4237	         0		         0.0457	         0
N	         0.7036	         1		         0.0534	         0
f	         0.3368	         0		         0.0410	         0
t	         0.2780	         0		         0.0357	         0
S	         0.6704	         1		         0.0563	         0
i	         0.1779	         0		         0.0327	         0
p	         0.2004	         0		         0.0451	         0
w	         0.4722	         0		         0.0377	         0
f	         0.1430	         0		         0.0340	         0
a	         0.1354	         0		         0.0342	         0
f	         0.1716	         0		         0.0470	         0
l	         0.0856	         0		         0.0297	         0
g	         0.1401	         0		         0.0453	         0
e	         0.1445	         0		         0.0468	         0
g	         0.1795	         0		         0.0485	         0
q	         0.2894	         0		         0.0564	         0
e	         0.3104	         0		         0.0538	         0
a	         0.1587	         0		         0.0456	         0
s	         0.4459	         0		         0.0604	         0
n	         0.3480	         0		         0.0661	         0
g	         0.2278	         0		         0.0575	         0
i	         0.1152	         0		         0.0422	         0
y	         0.3559	         0		         0.0593	         0
p	         0.1179	         0		         0.0519	         0
v	         0.0950	         0		         0.0468	         0
i	         0.0903	         0		         0.0486	         0
l	         0.0774	         0		         0.0438	         0
y	         0.1549	         0		         0.0563	         0
y	         0.2361	         0		         0.0636	         0
k	         0.2334	         0		         0.0629	         0
d	         0.1345	         0		         0.0709	         0
f	         0.1331	         0		         0.0663	         0
d	         0.1215	         0		         0.0686	         0
e	         0.0898	         0		         0.0583	         0
l	         0.0732	         0		         0.0410	         0
v	         0.0799	         0		         0.0445	         0
l	         0.0739	         0		         0.0411	         0
a	         0.1009	         0		         0.0505	         0
y	         0.2704	         0		         0.0620	         0
g	         0.1798	         0		         0.0545	         0
i	         0.1155	         0		         0.0437	         0
s	         0.3954	         0		         0.0567	         0
d	         0.1152	         0		         0.0440	         0
t	         0.3282	         0		         0.0574	         0
n	         0.2225	         0		         0.0582	         0
e	         0.1546	         0		         0.0506	         0
p	         0.1718	         0		         0.0552	         0
h	         0.3228	         0		         0.0586	         0
a	         0.1237	         0		         0.0474	         0
q	         0.2638	         0		         0.0634	         0
w	         0.4210	         0		         0.0578	         0
q	         0.2813	         0		         0.0639	         0
f	         0.1173	         0		         0.0449	         0
s	         0.2216	         0		         0.0540	         0
s	         0.2065	         0		         0.0540	         0
d	         0.2114	         0		         0.0522	         0
i	         0.1463	         0		         0.0457	         0
p	         0.1806	         0		         0.0567	         0
k	         0.2645	         0		         0.0587	         0
t	         0.2059	         0		         0.0603	         0
i	         0.0924	         0		         0.0391	         0
a	         0.1988	         0		         0.0529	         0
e	         0.1102	         0		         0.0426	         0
y	         0.2146	         0		         0.0457	         0
f	         0.1352	         0		         0.0511	         0
q	         0.3720	         0		         0.0547	         0
a	         0.3203	         0		         0.0476	         0
T	         0.5011	         1		         0.0439	         0
s	         0.3734	         0		         0.0395	         0
g	         0.4115	         0		         0.0477	         0
v	         0.2192	         0		         0.0412	         0
y	         0.3603	         0		         0.0417	         0
p	         0.1775	         0		         0.0410	         0
k	         0.4470	         0		         0.0532	         0
K	         0.6313	         1		         0.0633	         0
Y	         0.6028	         1		         0.0554	         0
g	         0.3719	         0		         0.0506	         0
q	         0.4287	         0		         0.0521	         0
S	         0.5845	         1		         0.0584	         0
Y	         0.5326	         1		         0.0513	         0
y	         0.2800	         0		         0.0401	         0
a	         0.2296	         0		         0.0464	         0
c	         0.2214	         0		         0.0467	         0
s	         0.1608	         0		         0.0516	         0
q	         0.3931	         0		         0.0639	         0
K	         0.5359	         1		         0.0585	         0
v	         0.2226	         0		         0.0399	         0
s	         0.4717	         0		         0.0479	         0
Q	         0.5204	         1		         0.0546	         0
g	         0.3370	         0		         0.0503	         0
i	         0.1468	         0		         0.0379	         0
d	         0.4040	         0		         0.0502	         0
Y	         0.5090	         1		         0.0612	         0
T	         0.5504	         1		         0.0544	         0
r	         0.2935	         0		         0.0459	         0
f	         0.1047	         0		         0.0374	         0
a	         0.2175	         0		         0.0449	         0
s	         0.4105	         0		         0.0550	         0
m	         0.1900	         0		         0.0518	         0
l	         0.0863	         0		         0.0356	         0
d	         0.1710	         0		         0.0486	         0
n	         0.1777	         0		         0.0432	         0
i	         0.0974	         0		         0.0363	         0
i	         0.0943	         0		         0.0351	         0
n	         0.2130	         0		         0.0488	         0
d	         0.2114	         0		         0.0435	         0
y	         0.4070	         0		         0.0465	         0
K	         0.5702	         1		         0.0528	         0
l	         0.2217	         0		         0.0371	         0
i	         0.1547	         0		         0.0364	         0
f	         0.1161	         0		         0.0361	         0
n	         0.2621	         0		         0.0376	         0
S	         0.6373	         1		         0.0489	         0
g	         0.3640	         0		         0.0449	         0
K	         0.5677	         1		         0.0627	         0
s	         0.3923	         0		         0.0497	         0
v	         0.1538	         0		         0.0412	         0
i	         0.1133	         0		         0.0353	         0
p	         0.1329	         0		         0.0404	         0
p	         0.1228	         0		         0.0384	         0
l	         0.0795	         0		         0.0339	         0
e	         0.0920	         0		         0.0379	         0
g	         0.1825	         0		         0.0648	         0
h	         0.3336	         0		         0.0788	         0
h	         0.3480	         0		         0.0772	         0
h	         0.3836	         0		         0.0868	         0
h	         0.4546	         0		         0.1154	         0
H	         0.3915	         0		         0.1513	         1
h	         0.3222	         0		         0.1150	         0
