m	         0.1086	         0		         0.1365	         0
a	         0.0751	         0		         0.0673	         0
h	         0.1303	         0		         0.1195	         0
h	         0.1492	         0		         0.1278	         0
h	         0.1661	         0		         0.1142	         0
h	         0.1838	         0		         0.1164	         0
h	         0.1579	         0		         0.0996	         0
h	         0.1712	         0		         0.0894	         0
v	         0.0808	         0		         0.0616	         0
d	         0.0921	         0		         0.0671	         0
d	         0.0917	         0		         0.0673	         0
d	         0.0926	         0		         0.0612	         0
d	         0.0975	         0		         0.0593	         0
k	         0.2139	         0		         0.0612	         0
m	         0.1536	         0		         0.0864	         0
s	         0.1369	         0		         0.0537	         0
a	         0.1151	         0		         0.0540	         0
s	         0.1601	         0		         0.0614	         0
k	         0.2680	         0		         0.0624	         0
e	         0.1084	         0		         0.0487	         0
i	         0.0926	         0		         0.0461	         0
k	         0.2098	         0		         0.0567	         0
s	         0.3498	         0		         0.0566	         0
f	         0.1623	         0		         0.0516	         0
l	         0.2357	         0		         0.0420	         0
w	         0.4016	         0		         0.0437	         0
t	         0.3194	         0		         0.0476	         0
q	         0.3267	         0		         0.0518	         0
s	         0.2166	         0		         0.0460	         0
l	         0.0923	         0		         0.0368	         0
R	         0.4791	         1		         0.0530	         0
R	         0.5221	         1		         0.0556	         0
e	         0.1341	         0		         0.0442	         0
l	         0.0864	         0		         0.0374	         0
s	         0.4137	         0		         0.0574	         0
g	         0.3354	         0		         0.0524	         0
y	         0.3195	         0		         0.0532	         0
c	         0.2166	         0		         0.0527	         0
s	         0.2788	         0		         0.0523	         0
n	         0.2103	         0		         0.0578	         0
i	         0.1198	         0		         0.0493	         0
k	         0.3098	         0		         0.0623	         0
l	         0.1388	         0		         0.0544	         0
q	         0.1403	         0		         0.0642	         0
v	         0.0944	         0		         0.0532	         0
v	         0.0908	         0		         0.0484	         0
k	         0.3037	         0		         0.0630	         0
d	         0.1391	         0		         0.0590	         0
a	         0.1041	         0		         0.0497	         0
q	         0.1763	         0		         0.0625	         0
a	         0.1160	         0		         0.0521	         0
l	         0.0798	         0		         0.0477	         0
l	         0.0833	         0		         0.0482	         0
h	         0.1633	         0		         0.0592	         0
g	         0.1234	         0		         0.0577	         0
l	         0.0785	         0		         0.0468	         0
d	         0.1085	         0		         0.0568	         0
f	         0.1309	         0		         0.0540	         0
s	         0.2901	         0		         0.0430	         0
e	         0.1671	         0		         0.0410	         0
v	         0.1189	         0		         0.0385	         0
s	         0.2304	         0		         0.0420	         0
n	         0.3207	         0		         0.0460	         0
v	         0.1209	         0		         0.0396	         0
q	         0.3907	         0		         0.0478	         0
R	         0.5177	         1		         0.0481	         0
l	         0.1002	         0		         0.0391	         0
m	         0.1377	         0		         0.0449	         0
r	         0.4346	         0		         0.0522	         0
k	         0.3675	         0		         0.0566	         0
e	         0.1358	         0		         0.0454	         0
r	         0.3977	         0		         0.0578	         0
r	         0.3921	         0		         0.0554	         0
d	         0.1539	         0		         0.0569	         0
d	         0.1039	         0		         0.0530	         0
n	         0.1344	         0		         0.0535	         0
d	         0.1045	         0		         0.0589	         0
l	         0.0789	         0		         0.0435	         0
k	         0.1802	         0		         0.0570	         0
r	         0.2011	         0		         0.0610	         0
l	         0.0827	         0		         0.0492	         0
r	         0.2107	         0		         0.0692	         0
d	         0.1125	         0		         0.0664	         0
l	         0.0834	         0		         0.0500	         0
n	         0.2539	         0		         0.0645	         0
q	         0.2975	         0		         0.0715	         0
a	         0.1116	         0		         0.0519	         0
v	         0.1005	         0		         0.0520	         0
n	         0.1401	         0		         0.0590	         0
n	         0.1492	         0		         0.0568	         0
l	         0.0805	         0		         0.0429	         0
v	         0.1195	         0		         0.0542	         0
e	         0.1367	         0		         0.0431	         0
l	         0.1207	         0		         0.0435	         0
k	         0.3202	         0		         0.0505	         0
s	         0.3371	         0		         0.0479	         0
t	         0.2384	         0		         0.0449	         0
q	         0.4015	         0		         0.0501	         0
q	         0.4014	         0		         0.0518	         0
K	         0.5132	         1		         0.0509	         0
s	         0.2617	         0		         0.0486	         0
i	         0.1209	         0		         0.0421	         0
l	         0.0922	         0		         0.0382	         0
r	         0.3214	         0		         0.0552	         0
v	         0.1125	         0		         0.0404	         0
g	         0.1766	         0		         0.0476	         0
t	         0.1838	         0		         0.0480	         0
l	         0.0888	         0		         0.0464	         0
t	         0.2195	         0		         0.0567	         0
s	         0.2046	         0		         0.0583	         0
d	         0.1047	         0		         0.0543	         0
d	         0.0828	         0		         0.0591	         0
l	         0.0779	         0		         0.0552	         0
l	         0.1025	         0		         0.0667	         0
i	         0.0891	         0		         0.0592	         0
l	         0.0758	         0		         0.0553	         0
a	         0.0845	         0		         0.0590	         0
a	         0.1056	         0		         0.0659	         0
d	         0.0912	         0		         0.0612	         0
l	         0.0754	         0		         0.0480	         0
e	         0.0900	         0		         0.0533	         0
k	         0.1825	         0		         0.0664	         0
l	         0.0836	         0		         0.0468	         0
k	         0.2041	         0		         0.0639	         0
s	         0.1584	         0		         0.0599	         0
k	         0.3028	         0		         0.0670	         0
v	         0.1022	         0		         0.0498	         0
i	         0.1815	         0		         0.0554	         0
r	         0.3388	         0		         0.0632	         0
t	         0.1819	         0		         0.0602	         0
e	         0.0995	         0		         0.0491	         0
r	         0.2901	         0		         0.0511	         0
p	         0.2416	         0		         0.0552	         0
l	         0.1893	         0		         0.0494	         0
s	         0.2076	         0		         0.0524	         0
a	         0.1483	         0		         0.0490	         0
g	         0.1903	         0		         0.0499	         0
v	         0.1291	         0		         0.0430	         0
y	         0.4195	         0		         0.0505	         0
m	         0.2285	         0		         0.0467	         0
g	         0.2475	         0		         0.0468	         0
n	         0.4060	         0		         0.0490	         0
l	         0.1054	         0		         0.0381	         0
s	         0.4709	         0		         0.0478	         0
s	         0.3619	         0		         0.0461	         0
q	         0.3218	         0		         0.0463	         0
q	         0.3227	         0		         0.0491	         0
l	         0.0934	         0		         0.0385	         0
d	         0.1776	         0		         0.0458	         0
q	         0.2370	         0		         0.0503	         0
r	         0.3022	         0		         0.0508	         0
r	         0.2485	         0		         0.0584	         0
a	         0.1102	         0		         0.0515	         0
l	         0.0808	         0		         0.0395	         0
l	         0.0802	         0		         0.0391	         0
n	         0.1791	         0		         0.0503	         0
m	         0.1225	         0		         0.0451	         0
i	         0.0956	         0		         0.0402	         0
g	         0.2365	         0		         0.0458	         0
m	         0.2657	         0		         0.0445	         0
S	         0.4741	         1		         0.0419	         0
g	         0.3744	         0		         0.0397	         0
g	         0.3355	         0		         0.0390	         0
n	         0.2772	         0		         0.0393	         0
Q	         0.4931	         1		         0.0451	         0
G	         0.4964	         1		         0.0460	         0
a	         0.2720	         0		         0.0413	         0
R	         0.5034	         1		         0.0488	         0
a	         0.2469	         0		         0.0452	         0
g	         0.2971	         0		         0.0458	         0
r	         0.3189	         0		         0.0440	         0
d	         0.2520	         0		         0.0475	         0
g	         0.1928	         0		         0.0452	         0
v	         0.1059	         0		         0.0390	         0
v	         0.1031	         0		         0.0390	         0
r	         0.3287	         0		         0.0573	         0
v	         0.1059	         0		         0.0478	         0
w	         0.2402	         0		         0.0514	         0
d	         0.1328	         0		         0.0566	         0
v	         0.0977	         0		         0.0486	         0
k	         0.1933	         0		         0.0559	         0
n	         0.1149	         0		         0.0538	         0
a	         0.1375	         0		         0.0522	         0
e	         0.1733	         0		         0.0593	         0
l	         0.0906	         0		         0.0421	         0
l	         0.0814	         0		         0.0407	         0
s	         0.1522	         0		         0.0450	         0
n	         0.2780	         0		         0.0497	         0
q	         0.3008	         0		         0.0517	         0
f	         0.1885	         0		         0.0506	         0
g	         0.3042	         0		         0.0494	         0
t	         0.4437	         0		         0.0509	         0
m	         0.2516	         0		         0.0509	         0
p	         0.1316	         0		         0.0484	         0
s	         0.1498	         0		         0.0447	         0
l	         0.0864	         0		         0.0406	         0
t	         0.2180	         0		         0.0533	         0
l	         0.0912	         0		         0.0414	         0
a	         0.0938	         0		         0.0422	         0
c	         0.0794	         0		         0.0692	         0
l	         0.1489	         0		         0.0680	         0
t	         0.1506	         0		         0.0632	         0
k	         0.1611	         0		         0.0614	         0
q	         0.2362	         0		         0.0651	         0
g	         0.1678	         0		         0.0602	         0
q	         0.1959	         0		         0.0603	         0
v	         0.1123	         0		         0.0553	         0
d	         0.1924	         0		         0.0605	         0
l	         0.0996	         0		         0.0551	         0
n	         0.2226	         0		         0.0608	         0
d	         0.1316	         0		         0.0650	         0
a	         0.0956	         0		         0.0578	         0
v	         0.0994	         0		         0.0577	         0
q	         0.2100	         0		         0.0639	         0
a	         0.1074	         0		         0.0567	         0
l	         0.0845	         0		         0.0533	         0
t	         0.2022	         0		         0.0626	         0
d	         0.1354	         0		         0.0641	         0
l	         0.0814	         0		         0.0411	         0
g	         0.1249	         0		         0.0490	         0
l	         0.0806	         0		         0.0412	         0
i	         0.0864	         0		         0.0429	         0
y	         0.2365	         0		         0.0541	         0
t	         0.2210	         0		         0.0544	         0
a	         0.1084	         0		         0.0454	         0
k	         0.4231	         0		         0.0619	         0
y	         0.4240	         0		         0.0580	         0
p	         0.1612	         0		         0.0513	         0
n	         0.3271	         0		         0.0542	         0
t	         0.1057	         0		         0.0449	         0
s	         0.1929	         0		         0.0532	         0
d	         0.1357	         0		         0.0552	         0
l	         0.0818	         0		         0.0418	         0
d	         0.1055	         0		         0.0468	         0
r	         0.2831	         0		         0.0598	         0
l	         0.0910	         0		         0.0465	         0
t	         0.2562	         0		         0.0618	         0
q	         0.1486	         0		         0.0570	         0
s	         0.1740	         0		         0.0577	         0
h	         0.3182	         0		         0.0695	         0
p	         0.1502	         0		         0.0597	         0
i	         0.0857	         0		         0.0565	         0
l	         0.0809	         0		         0.0476	         0
n	         0.1776	         0		         0.0547	         0
m	         0.1004	         0		         0.0458	         0
i	         0.0978	         0		         0.0435	         0
d	         0.2883	         0		         0.0515	         0
t	         0.3154	         0		         0.0507	         0
k	         0.1761	         0		         0.0434	         0
k	         0.2337	         0		         0.0427	         0
s	         0.4237	         0		         0.0481	         0
s	         0.2769	         0		         0.0422	         0
l	         0.1422	         0		         0.0363	         0
n	         0.4696	         0		         0.0480	         0
i	         0.1676	         0		         0.0351	         0
S	         0.5506	         1		         0.0485	         0
g	         0.3162	         0		         0.0463	         0
Y	         0.6038	         1		         0.0515	         0
N	         0.5873	         1		         0.0493	         0
f	         0.1647	         0		         0.0389	         0
S	         0.5463	         1		         0.0506	         0
l	         0.1003	         0		         0.0338	         0
g	         0.3476	         0		         0.0452	         0
a	         0.1235	         0		         0.0360	         0
a	         0.1180	         0		         0.0351	         0
v	         0.1381	         0		         0.0387	         0
K	         0.5020	         1		         0.0550	         0
a	         0.1167	         0		         0.0359	         0
g	         0.1542	         0		         0.0455	         0
a	         0.0967	         0		         0.0373	         0
c	         0.1099	         0		         0.0473	         0
m	         0.1086	         0		         0.0394	         0
l	         0.1021	         0		         0.0375	         0
d	         0.1668	         0		         0.0469	         0
g	         0.1664	         0		         0.0620	         0
g	         0.1517	         0		         0.0602	         0
n	         0.2461	         0		         0.0607	         0
m	         0.1979	         0		         0.0581	         0
l	         0.0833	         0		         0.0431	         0
e	         0.0948	         0		         0.0445	         0
t	         0.2671	         0		         0.0547	         0
i	         0.0954	         0		         0.0439	         0
k	         0.2140	         0		         0.0548	         0
v	         0.1183	         0		         0.0474	         0
s	         0.3724	         0		         0.0564	         0
p	         0.1631	         0		         0.0542	         0
q	         0.3516	         0		         0.0606	         0
t	         0.3642	         0		         0.0579	         0
m	         0.1538	         0		         0.0539	         0
d	         0.2113	         0		         0.0559	         0
g	         0.3376	         0		         0.0608	         0
i	         0.0988	         0		         0.0456	         0
l	         0.0861	         0		         0.0467	         0
k	         0.2693	         0		         0.0676	         0
s	         0.1577	         0		         0.0584	         0
i	         0.0951	         0		         0.0518	         0
l	         0.0815	         0		         0.0470	         0
k	         0.2674	         0		         0.0670	         0
v	         0.1053	         0		         0.0510	         0
k	         0.3182	         0		         0.0704	         0
k	         0.3590	         0		         0.0727	         0
a	         0.2365	         0		         0.0651	         0
l	         0.0969	         0		         0.0493	         0
g	         0.2316	         0		         0.0652	         0
m	         0.2073	         0		         0.0810	         0
f	         0.1253	         0		         0.0630	         0
i	         0.1077	         0		         0.0421	         0
s	         0.3051	         0		         0.0538	         0
d	         0.1178	         0		         0.0437	         0
t	         0.2360	         0		         0.0505	         0
p	         0.1487	         0		         0.0497	         0
g	         0.2297	         0		         0.0522	         0
e	         0.2118	         0		         0.0493	         0
R	         0.4914	         1		         0.0562	         0
n	         0.3612	         0		         0.0551	         0
p	         0.1205	         0		         0.0523	         0
y	         0.2000	         0		         0.0547	         0
e	         0.0888	         0		         0.0414	         0
n	         0.1631	         0		         0.0535	         0
i	         0.0764	         0		         0.0389	         0
l	         0.0737	         0		         0.0385	         0
y	         0.1325	         0		         0.0659	         0
k	         0.1584	         0		         0.0874	         0
i	         0.0783	         0		         0.0501	         0
c	         0.0727	         0		         0.0696	         0
l	         0.0791	         0		         0.0470	         0
s	         0.2469	         0		         0.0732	         0
g	         0.1559	         0		         0.0718	         0
d	         0.1095	         0		         0.0615	         0
g	         0.1689	         0		         0.0515	         0
w	         0.3311	         0		         0.0465	         0
p	         0.1439	         0		         0.0528	         0
y	         0.3311	         0		         0.0615	         0
i	         0.1125	         0		         0.0389	         0
a	         0.1699	         0		         0.0446	         0
s	         0.3028	         0		         0.0553	         0
R	         0.5325	         1		         0.0503	         0
T	         0.5352	         1		         0.0495	         0
s	         0.4713	         0		         0.0476	         0
i	         0.1392	         0		         0.0380	         0
t	         0.2222	         0		         0.0451	         0
g	         0.1963	         0		         0.0438	         0
r	         0.4358	         0		         0.0462	         0
a	         0.1686	         0		         0.0384	         0
w	         0.3771	         0		         0.0403	         0
e	         0.1519	         0		         0.0440	         0
n	         0.2793	         0		         0.0486	         0
t	         0.2223	         0		         0.0473	         0
v	         0.1190	         0		         0.0436	         0
v	         0.0903	         0		         0.0410	         0
d	         0.1036	         0		         0.0482	         0
l	         0.0787	         0		         0.0428	         0
e	         0.0992	         0		         0.0549	         0
s	         0.0944	         0		         0.0514	         0
