m	         0.3172	         0		         0.0505	         0
q	         0.3118	         0		         0.0423	         0
a	         0.2585	         0		         0.0393	         0
e	         0.3582	         0		         0.0274	         0
K	         0.4872	         1		         0.0274	         0
l	         0.1825	         0		         0.0254	         0
g	         0.3517	         0		         0.0250	         0
s	         0.4037	         0		         0.0254	         0
E	         0.5316	         1		         0.0271	         0
i	         0.2006	         0		         0.0229	         0
K	         0.7912	         1		         0.0287	         0
K	         0.5764	         1		         0.0271	         0
i	         0.2182	         0		         0.0232	         0
R	         0.8421	         1		         0.0320	         0
V	         0.5489	         1		         0.0269	         0
L	         0.5640	         1		         0.0256	         0
R	         0.7343	         1		         0.0267	         0
G	         0.6844	         1		         0.0291	         0
l	         0.2903	         0		         0.0227	         0
T	         0.8086	         1		         0.0275	         0
Q	         0.7587	         1		         0.0261	         0
K	         0.7119	         1		         0.0273	         0
q	         0.3661	         0		         0.0259	         0
l	         0.1787	         0		         0.0242	         0
s	         0.2743	         0		         0.0258	         0
e	         0.4407	         0		         0.0278	         0
N	         0.4941	         1		         0.0272	         0
i	         0.2138	         0		         0.0282	         0
c	         0.1754	         0		         0.0287	         0
H	         0.7119	         1		         0.0305	         0
Q	         0.5423	         1		         0.0303	         0
S	         0.6388	         1		         0.0309	         0
E	         0.6545	         1		         0.0316	         0
v	         0.2104	         0		         0.0271	         0
S	         0.7140	         1		         0.0298	         0
R	         0.7587	         1		         0.0301	         0
i	         0.3110	         0		         0.0279	         0
e	         0.2193	         0		         0.0276	         0
S	         0.6188	         1		         0.0311	         0
G	         0.5764	         1		         0.0332	         0
A	         0.5816	         1		         0.0319	         0
V	         0.5437	         1		         0.0310	         0
Y	         0.7226	         1		         0.0319	         0
p	         0.3281	         0		         0.0329	         0
S	         0.6390	         1		         0.0367	         0
m	         0.3279	         0		         0.0313	         0
d	         0.4295	         0		         0.0329	         0
i	         0.4033	         0		         0.0310	         0
l	         0.1755	         0		         0.0292	         0
q	         0.3018	         0		         0.0325	         0
g	         0.3814	         0		         0.0367	         0
i	         0.1359	         0		         0.0324	         0
a	         0.2009	         0		         0.0403	         0
a	         0.4699	         0		         0.0434	         0
K	         0.5415	         1		         0.0450	         0
l	         0.1231	         0		         0.0378	         0
q	         0.2656	         0		         0.0455	         0
i	         0.1764	         0		         0.0411	         0
p	         0.3700	         0		         0.0485	         0
i	         0.1619	         0		         0.0398	         0
i	         0.3036	         0		         0.0423	         0
h	         0.2862	         0		         0.0418	         0
f	         0.1165	         0		         0.0471	         0
y	         0.1839	         0		         0.0481	         0
e	         0.1848	         0		         0.0492	         0
v	         0.1953	         0		         0.0490	         0
l	         0.2316	         0		         0.0444	         0
i	         0.2326	         0		         0.0434	         0
y	         0.3328	         0		         0.0455	         0
s	         0.2546	         0		         0.0453	         0
d	         0.2579	         0		         0.0470	         0
i	         0.2898	         0		         0.0384	         0
e	         0.3708	         0		         0.0396	         0
r	         0.4543	         0		         0.0394	         0
k	         0.3777	         0		         0.0386	         0
k	         0.4368	         0		         0.0394	         0
q	         0.3510	         0		         0.0395	         0
f	         0.2543	         0		         0.0374	         0
K	         0.5780	         1		         0.0407	         0
d	         0.4156	         0		         0.0402	         0
q	         0.2817	         0		         0.0382	         0
v	         0.1622	         0		         0.0362	         0
i	         0.2163	         0		         0.0403	         0
m	         0.2809	         0		         0.0422	         0
l	         0.1862	         0		         0.0405	         0
c	         0.2263	         0		         0.0431	         0
K	         0.5375	         1		         0.0521	         0
q	         0.4003	         0		         0.0518	         0
k	         0.4611	         0		         0.0517	         0
r	         0.4570	         0		         0.0481	         0
y	         0.3901	         0		         0.0446	         0
k	         0.4277	         0		         0.0445	         0
e	         0.3601	         0		         0.0468	         0
i	         0.1869	         0		         0.0395	         0
Y	         0.4735	         1		         0.0478	         0
n	         0.4324	         0		         0.0497	         0
k	         0.3309	         0		         0.0453	         0
v	         0.1364	         0		         0.0420	         0
w	         0.2522	         0		         0.0461	         0
n	         0.2631	         0		         0.0465	         0
e	         0.1783	         0		         0.0455	         0
l	         0.1067	         0		         0.0404	         0
k	         0.2417	         0		         0.0486	         0
k	         0.2714	         0		         0.0571	         0
e	         0.1603	         0		         0.0618	         0
e	         0.1752	         0		         0.0609	         0
y	         0.1925	         0		         0.0585	         0
h	         0.2354	         0		         0.0569	         0
p	         0.1563	         0		         0.0589	         0
e	         0.1885	         0		         0.0595	         0
f	         0.1494	         0		         0.0574	         0
q	         0.2144	         0		         0.0473	         0
q	         0.1874	         0		         0.0464	         0
f	         0.1544	         0		         0.0436	         0
l	         0.1446	         0		         0.0431	         0
q	         0.1738	         0		         0.0455	         0
w	         0.2221	         0		         0.0460	         0
q	         0.1638	         0		         0.0464	         0
y	         0.4336	         0		         0.0487	         0
y	         0.3098	         0		         0.0458	         0
v	         0.1534	         0		         0.0451	         0
a	         0.1371	         0		         0.0443	         0
a	         0.1658	         0		         0.0463	         0
y	         0.2450	         0		         0.0493	         0
v	         0.2014	         0		         0.0485	         0
l	         0.1575	         0		         0.0448	         0
k	         0.3059	         0		         0.0589	         0
k	         0.2736	         0		         0.0556	         0
v	         0.1558	         0		         0.0536	         0
d	         0.2430	         0		         0.0612	         0
y	         0.2398	         0		         0.0560	         0
e	         0.1486	         0		         0.0500	         0
y	         0.2083	         0		         0.0490	         0
c	         0.1149	         0		         0.0471	         0
i	         0.1150	         0		         0.0464	         0
l	         0.1522	         0		         0.0519	         0
e	         0.1584	         0		         0.0518	         0
l	         0.1082	         0		         0.0462	         0
k	         0.3839	         0		         0.0508	         0
k	         0.3762	         0		         0.0494	         0
l	         0.1653	         0		         0.0448	         0
l	         0.1658	         0		         0.0445	         0
n	         0.3689	         0		         0.0391	         0
q	         0.3594	         0		         0.0375	         0
q	         0.2589	         0		         0.0369	         0
l	         0.3406	         0		         0.0366	         0
t	         0.4166	         0		         0.0381	         0
g	         0.3732	         0		         0.0378	         0
i	         0.4286	         0		         0.0373	         0
D	         0.5851	         1		         0.0395	         0
v	         0.3445	         0		         0.0356	         0
y	         0.4521	         0		         0.0367	         0
q	         0.1852	         0		         0.0353	         0
n	         0.1955	         0		         0.0365	         0
l	         0.2327	         0		         0.0356	         0
Y	         0.4914	         1		         0.0367	         0
i	         0.2181	         0		         0.0352	         0
e	         0.1906	         0		         0.0318	         0
n	         0.3246	         0		         0.0332	         0
a	         0.3808	         0		         0.0352	         0
i	         0.2406	         0		         0.0332	         0
a	         0.3750	         0		         0.0345	         0
n	         0.4212	         0		         0.0360	         0
i	         0.2587	         0		         0.0328	         0
Y	         0.6524	         1		         0.0363	         0
a	         0.3935	         0		         0.0339	         0
e	         0.3768	         0		         0.0350	         0
n	         0.3039	         0		         0.0348	         0
g	         0.4103	         0		         0.0358	         0
Y	         0.6362	         1		         0.0368	         0
l	         0.4079	         0		         0.0372	         0
K	         0.5162	         1		         0.0359	         0
K	         0.5614	         1		         0.0395	         0
g	         0.1981	         0		         0.0343	         0
i	         0.1702	         0		         0.0341	         0
d	         0.3141	         0		         0.0375	         0
l	         0.2024	         0		         0.0339	         0
f	         0.1755	         0		         0.0376	         0
e	         0.2503	         0		         0.0398	         0
q	         0.2302	         0		         0.0395	         0
i	         0.1359	         0		         0.0499	         0
l	         0.1301	         0		         0.0499	         0
k	         0.2988	         0		         0.0528	         0
q	         0.1646	         0		         0.0529	         0
l	         0.1028	         0		         0.0500	         0
e	         0.1687	         0		         0.0533	         0
a	         0.1860	         0		         0.0517	         0
l	         0.1520	         0		         0.0521	         0
h	         0.2261	         0		         0.0533	         0
d	         0.1837	         0		         0.0367	         0
n	         0.1971	         0		         0.0367	         0
e	         0.1678	         0		         0.0370	         0
e	         0.2061	         0		         0.0338	         0
f	         0.1466	         0		         0.0308	         0
d	         0.2402	         0		         0.0331	         0
v	         0.1573	         0		         0.0311	         0
K	         0.5749	         1		         0.0351	         0
v	         0.1986	         0		         0.0324	         0
r	         0.4604	         0		         0.0374	         0
Y	         0.6684	         1		         0.0417	         0
N	         0.6897	         1		         0.0441	         0
h	         0.4068	         0		         0.0365	         0
a	         0.4065	         0		         0.0363	         0
K	         0.5463	         1		         0.0391	         0
a	         0.2561	         0		         0.0345	         0
l	         0.2052	         0		         0.0337	         0
Y	         0.5040	         1		         0.0387	         0
l	         0.3246	         0		         0.0369	         0
d	         0.2208	         0		         0.0427	         0
s	         0.3056	         0		         0.0450	         0
R	         0.5371	         1		         0.0458	         0
Y	         0.5038	         1		         0.0444	         0
e	         0.3318	         0		         0.0435	         0
e	         0.3181	         0		         0.0432	         0
s	         0.2246	         0		         0.0417	         0
l	         0.1769	         0		         0.0386	         0
y	         0.4449	         0		         0.0422	         0
q	         0.2665	         0		         0.0431	         0
v	         0.2019	         0		         0.0433	         0
n	         0.2948	         0		         0.0459	         0
k	         0.4403	         0		         0.0390	         0
a	         0.2500	         0		         0.0354	         0
i	         0.1603	         0		         0.0307	         0
e	         0.4340	         0		         0.0373	         0
i	         0.2216	         0		         0.0339	         0
s	         0.2527	         0		         0.0348	         0
C	         0.5047	         1		         0.0361	         0
R	         0.6479	         1		         0.0371	         0
I	         0.6091	         1		         0.0363	         0
N	         0.7165	         1		         0.0419	         0
S	         0.6468	         1		         0.0380	         0
M	         0.5462	         1		         0.0307	         0
A	         0.5507	         1		         0.0305	         0
l	         0.3606	         0		         0.0277	         0
i	         0.1732	         0		         0.0261	         0
g	         0.2984	         0		         0.0295	         0
q	         0.3834	         0		         0.0300	         0
l	         0.2232	         0		         0.0274	         0
Y	         0.7860	         1		         0.0301	         0
Y	         0.7148	         1		         0.0294	         0
Q	         0.4905	         1		         0.0291	         0
r	         0.3584	         0		         0.0278	         0
g	         0.4419	         0		         0.0286	         0
E	         0.4885	         1		         0.0287	         0
c	         0.2477	         0		         0.0278	         0
l	         0.3030	         0		         0.0273	         0
r	         0.3387	         0		         0.0327	         0
k	         0.3055	         0		         0.0440	         0
l	         0.1323	         0		         0.0403	         0
e	         0.1854	         0		         0.0422	         0
y	         0.1931	         0		         0.0404	         0
e	         0.1483	         0		         0.0503	         0
e	         0.1600	         0		         0.0507	         0
a	         0.1208	         0		         0.0423	         0
e	         0.1321	         0		         0.0418	         0
i	         0.1246	         0		         0.0410	         0
e	         0.1422	         0		         0.0422	         0
d	         0.1347	         0		         0.0424	         0
a	         0.1972	         0		         0.0446	         0
y	         0.3038	         0		         0.0453	         0
k	         0.4447	         0		         0.0472	         0
k	         0.4658	         0		         0.0493	         0
a	         0.2532	         0		         0.0440	         0
s	         0.2239	         0		         0.0454	         0
f	         0.2992	         0		         0.0473	         0
f	         0.1566	         0		         0.0448	         0
f	         0.2000	         0		         0.0456	         0
d	         0.2650	         0		         0.0490	         0
i	         0.1313	         0		         0.0431	         0
l	         0.2298	         0		         0.0523	         0
e	         0.2887	         0		         0.0549	         0
m	         0.3657	         0		         0.0541	         0
h	         0.3429	         0		         0.0537	         0
a	         0.2416	         0		         0.0477	         0
y	         0.2292	         0		         0.0460	         0
k	         0.2472	         0		         0.0455	         0
e	         0.3096	         0		         0.0464	         0
a	         0.2354	         0		         0.0289	         0
l	         0.1302	         0		         0.0272	         0
v	         0.2893	         0		         0.0299	         0
n	         0.4545	         0		         0.0314	         0
k	         0.4200	         0		         0.0309	         0
i	         0.2395	         0		         0.0289	         0
s	         0.4317	         0		         0.0316	         0
R	         0.7399	         1		         0.0300	         0
l	         0.1136	         0		         0.0261	         0
e	         0.1473	         0		         0.0266	         0
H	         0.6652	         1		         0.0337	         0
H	         0.6576	         1		         0.0338	         0
H	         0.6233	         1		         0.0343	         0
H	         0.6822	         1		         0.0379	         0
H	         0.7492	         1		         0.0438	         0
H	         0.6557	         1		         0.0403	         0
