g	         0.1539	         0		         0.1093	         0
P	         0.1687	         0		         0.1982	         1
H	         0.1516	         0		         0.1539	         1
M	         0.1074	         0		         0.1515	         1
t	         0.1473	         0		         0.1245	         0
s	         0.1395	         0		         0.1330	         0
d	         0.1363	         0		         0.1104	         0
p	         0.0967	         0		         0.0899	         0
v	         0.0808	         0		         0.0650	         0
r	         0.1673	         0		         0.1159	         0
q	         0.0974	         0		         0.0823	         0
y	         0.1620	         0		         0.1055	         0
l	         0.0983	         0		         0.0672	         0
h	         0.2691	         0		         0.0920	         0
e	         0.1112	         0		         0.0698	         0
i	         0.0907	         0		         0.0619	         0
g	         0.1149	         0		         0.0690	         0
q	         0.1286	         0		         0.0734	         0
v	         0.0958	         0		         0.0573	         0
p	         0.0928	         0		         0.0629	         0
l	         0.0752	         0		         0.0519	         0
l	         0.0727	         0		         0.0678	         0
t	         0.1146	         0		         0.0857	         0
l	         0.0897	         0		         0.0804	         0
e	         0.0779	         0		         0.0669	         0
e	         0.0776	         0		         0.0621	         0
e	         0.0762	         0		         0.0597	         0
i	         0.0847	         0		         0.0631	         0
d	         0.0881	         0		         0.0665	         0
l	         0.0751	         0		         0.0599	         0
a	         0.0897	         0		         0.0623	         0
r	         0.1556	         0		         0.0744	         0
k	         0.1842	         0		         0.0729	         0
v	         0.0909	         0		         0.0615	         0
e	         0.1253	         0		         0.0706	         0
e	         0.1042	         0		         0.0673	         0
g	         0.0930	         0		         0.0669	         0
m	         0.0884	         0		         0.0636	         0
e	         0.1034	         0		         0.0690	         0
a	         0.0841	         0		         0.0609	         0
i	         0.0969	         0		         0.0736	         0
k	         0.1200	         0		         0.0802	         0
k	         0.1026	         0		         0.0750	         0
l	         0.0847	         0		         0.0678	         0
s	         0.1299	         0		         0.0777	         0
e	         0.1222	         0		         0.0780	         0
a	         0.1265	         0		         0.0781	         0
t	         0.1217	         0		         0.0778	         0
g	         0.1209	         0		         0.0760	         0
l	         0.0899	         0		         0.0722	         0
d	         0.0966	         0		         0.0781	         0
q	         0.0942	         0		         0.0791	         0
e	         0.0914	         0		         0.0772	         0
l	         0.0863	         0		         0.0731	         0
i	         0.0824	         0		         0.0597	         0
r	         0.1249	         0		         0.0710	         0
e	         0.0808	         0		         0.0640	         0
v	         0.0792	         0		         0.0634	         0
v	         0.0908	         0		         0.0690	         0
r	         0.1051	         0		         0.0706	         0
a	         0.0979	         0		         0.0587	         0
k	         0.2016	         0		         0.0694	         0
i	         0.1076	         0		         0.0609	         0
l	         0.1570	         0		         0.0681	         0
g	         0.1330	         0		         0.0710	         0
t	         0.1265	         0		         0.0658	         0
a	         0.1218	         0		         0.0664	         0
r	         0.2343	         0		         0.0778	         0
i	         0.1139	         0		         0.0611	         0
q	         0.1411	         0		         0.0794	         0
k	         0.1569	         0		         0.0828	         0
i	         0.0824	         0		         0.0673	         0
p	         0.0855	         0		         0.0863	         0
g	         0.0936	         0		         0.0854	         0
l	         0.0703	         0		         0.0713	         0
k	         0.0856	         0		         0.0926	         0
e	         0.0839	         0		         0.0940	         0
k	         0.0946	         0		         0.0909	         0
p	         0.0766	         0		         0.1000	         0
d	         0.0963	         0		         0.1126	         0
p	         0.0876	         0		         0.1178	         0
k	         0.1029	         0		         0.0986	         0
t	         0.0963	         0		         0.0938	         0
v	         0.0829	         0		         0.0733	         0
e	         0.0841	         0		         0.0794	         0
e	         0.0859	         0		         0.0812	         0
v	         0.0709	         0		         0.0672	         0
d	         0.0767	         0		         0.0793	         0
g	         0.0854	         0		         0.0797	         0
k	         0.1460	         0		         0.0955	         0
l	         0.0804	         0		         0.0736	         0
k	         0.1584	         0		         0.1018	         0
s	         0.0992	         0		         0.0926	         0
l	         0.0723	         0		         0.0782	         0
p	         0.0822	         0		         0.0866	         0
k	         0.1184	         0		         0.1024	         0
e	         0.0812	         0		         0.0825	         0
l	         0.0672	         0		         0.0718	         0
k	         0.1343	         0		         0.1043	         0
r	         0.1126	         0		         0.0923	         0
y	         0.0815	         0		         0.0768	         0
l	         0.0723	         0		         0.0755	         0
h	         0.1113	         0		         0.0937	         0
i	         0.0826	         0		         0.0785	         0
a	         0.0793	         0		         0.0749	         0
r	         0.1267	         0		         0.0914	         0
e	         0.0970	         0		         0.0842	         0
g	         0.1163	         0		         0.0867	         0
e	         0.1421	         0		         0.0888	         0
a	         0.1141	         0		         0.0859	         0
a	         0.0944	         0		         0.0734	         0
r	         0.1478	         0		         0.0974	         0
q	         0.1105	         0		         0.0927	         0
h	         0.1173	         0		         0.0809	         0
l	         0.0704	         0		         0.0600	         0
i	         0.0797	         0		         0.0697	         0
e	         0.1046	         0		         0.0844	         0
a	         0.1079	         0		         0.0962	         0
n	         0.1067	         0		         0.1021	         0
l	         0.0796	         0		         0.0723	         0
r	         0.2120	         0		         0.1045	         0
l	         0.0903	         0		         0.0566	         0
v	         0.0864	         0		         0.0565	         0
v	         0.1073	         0		         0.0630	         0
s	         0.1666	         0		         0.0837	         0
i	         0.0702	         0		         0.0518	         0
a	         0.0784	         0		         0.0510	         0
k	         0.3363	         0		         0.0981	         0
k	         0.4197	         0		         0.1264	         0
y	         0.3874	         0		         0.1072	         0
t	         0.2587	         0		         0.0967	         0
g	         0.2859	         0		         0.0930	         0
r	         0.3984	         0		         0.0858	         0
g	         0.1746	         0		         0.0696	         0
l	         0.0996	         0		         0.0518	         0
s	         0.1117	         0		         0.0639	         0
f	         0.0865	         0		         0.0585	         0
l	         0.0986	         0		         0.0615	         0
d	         0.0885	         0		         0.0718	         0
l	         0.0698	         0		         0.0469	         0
i	         0.0798	         0		         0.0721	         0
q	         0.1751	         0		         0.1024	         0
e	         0.0889	         0		         0.0550	         0
g	         0.1519	         0		         0.0716	         0
n	         0.1643	         0		         0.0780	         0
q	         0.1057	         0		         0.0614	         0
g	         0.1737	         0		         0.0716	         0
l	         0.0803	         0		         0.0508	         0
i	         0.1110	         0		         0.0611	         0
r	         0.2871	         0		         0.0918	         0
a	         0.1123	         0		         0.0613	         0
v	         0.0815	         0		         0.0586	         0
e	         0.1190	         0		         0.0789	         0
k	         0.3215	         0		         0.1193	         0
f	         0.1134	         0		         0.0853	         0
e	         0.1127	         0		         0.0863	         0
y	         0.1284	         0		         0.0800	         0
k	         0.1888	         0		         0.1052	         0
r	         0.1817	         0		         0.0972	         0
r	         0.1645	         0		         0.0900	         0
f	         0.1292	         0		         0.0734	         0
k	         0.3456	         0		         0.1183	         0
f	         0.1357	         0		         0.0888	         0
s	         0.2234	         0		         0.0828	         0
t	         0.2993	         0		         0.0848	         0
y	         0.3899	         0		         0.0940	         0
a	         0.1083	         0		         0.0551	         0
t	         0.2076	         0		         0.0855	         0
w	         0.2604	         0		         0.0831	         0
w	         0.2402	         0		         0.0789	         0
i	         0.1033	         0		         0.0504	         0
r	         0.3514	         0		         0.0817	         0
q	         0.1716	         0		         0.0777	         0
a	         0.1371	         0		         0.0691	         0
i	         0.0814	         0		         0.0538	         0
n	         0.1241	         0		         0.0722	         0
r	         0.1860	         0		         0.0777	         0
a	         0.0858	         0		         0.0615	         0
i	         0.0664	         0		         0.0509	         0
a	         0.1088	         0		         0.0834	         0
d	         0.1169	         0		         0.0861	         0
q	         0.1093	         0		         0.0828	         0
a	         0.1092	         0		         0.0699	         0
r	         0.1787	         0		         0.0823	         0
t	         0.1068	         0		         0.0790	         0
i	         0.0944	         0		         0.0644	         0
r	         0.2500	         0		         0.0992	         0
i	         0.0878	         0		         0.0629	         0
p	         0.1011	         0		         0.0789	         0
v	         0.0932	         0		         0.0729	         0
h	         0.1980	         0		         0.0916	         0
m	         0.0913	         0		         0.0656	         0
v	         0.1020	         0		         0.0659	         0
e	         0.1121	         0		         0.0603	         0
t	         0.1055	         0		         0.0615	         0
i	         0.0855	         0		         0.0490	         0
n	         0.1346	         0		         0.0650	         0
k	         0.2224	         0		         0.0648	         0
l	         0.0994	         0		         0.0482	         0
s	         0.1549	         0		         0.0595	         0
r	         0.3679	         0		         0.0674	         0
t	         0.1341	         0		         0.0558	         0
a	         0.1408	         0		         0.0513	         0
r	         0.3312	         0		         0.0611	         0
q	         0.1561	         0		         0.0581	         0
l	         0.0855	         0		         0.0468	         0
q	         0.1136	         0		         0.0542	         0
q	         0.1323	         0		         0.0564	         0
e	         0.1030	         0		         0.0522	         0
l	         0.0882	         0		         0.0501	         0
g	         0.1199	         0		         0.0547	         0
r	         0.1663	         0		         0.0778	         0
e	         0.0944	         0		         0.0699	         0
p	         0.0886	         0		         0.0719	         0
s	         0.1318	         0		         0.0787	         0
y	         0.1044	         0		         0.0716	         0
e	         0.0854	         0		         0.0685	         0
e	         0.0792	         0		         0.0667	         0
i	         0.0746	         0		         0.0616	         0
a	         0.0852	         0		         0.0669	         0
e	         0.0930	         0		         0.0601	         0
a	         0.1101	         0		         0.0600	         0
m	         0.0953	         0		         0.0551	         0
g	         0.1487	         0		         0.0635	         0
p	         0.0964	         0		         0.0564	         0
g	         0.1533	         0		         0.0661	         0
w	         0.1190	         0		         0.0610	         0
d	         0.2698	         0		         0.0800	         0
a	         0.1125	         0		         0.0616	         0
k	         0.1440	         0		         0.0630	         0
r	         0.1495	         0		         0.0630	         0
v	         0.0807	         0		         0.0536	         0
e	         0.1007	         0		         0.0635	         0
e	         0.0944	         0		         0.0640	         0
t	         0.0746	         0		         0.0562	         0
l	         0.0766	         0		         0.0672	         0
k	         0.1018	         0		         0.0771	         0
i	         0.0749	         0		         0.0710	         0
a	         0.0906	         0		         0.0850	         0
q	         0.0947	         0		         0.0988	         0
e	         0.0912	         0		         0.0925	         0
p	         0.0760	         0		         0.0881	         0
v	         0.0747	         0		         0.0819	         0
s	         0.1117	         0		         0.1054	         0
l	         0.0684	         0		         0.0733	         0
