g	         0.4243	         0		         0.0682	         0
S	         0.5698	         1		         0.0792	         0
h	         0.3659	         0		         0.0982	         0
M	         0.2671	         0		         0.1560	         1
t	         0.2235	         0		         0.1350	         0
i	         0.1315	         0		         0.0900	         0
k	         0.1828	         0		         0.1046	         0
l	         0.0625	         0		         0.0441	         0
i	         0.0741	         0		         0.0490	         0
v	         0.0884	         0		         0.0665	         0
g	         0.1964	         0		         0.1238	         0
l	         0.0719	         0		         0.0461	         0
a	         0.2552	         0		         0.1202	         0
n	         0.4662	         0		         0.1243	         0
p	         0.1348	         0		         0.0935	         0
g	         0.1522	         0		         0.0762	         0
a	         0.2030	         0		         0.0811	         0
e	         0.2292	         0		         0.0777	         0
y	         0.4581	         0		         0.1250	         0
a	         0.1773	         0		         0.0621	         0
a	         0.2373	         0		         0.0752	         0
t	         0.4368	         0		         0.1099	         0
R	         0.5898	         1		         0.1227	         0
H	         0.5523	         1		         0.1812	         1
N	         0.5586	         1		         0.1208	         0
a	         0.1330	         0		         0.0527	         0
g	         0.2496	         0		         0.0994	         0
a	         0.1653	         0		         0.0988	         0
w	         0.1295	         0		         0.0716	         0
f	         0.0759	         0		         0.0510	         0
v	         0.0622	         0		         0.0438	         0
d	         0.0873	         0		         0.0899	         0
l	         0.0933	         0		         0.1020	         0
l	         0.0573	         0		         0.0622	         0
a	         0.0678	         0		         0.0812	         0
e	         0.1052	         0		         0.1200	         0
r	         0.1313	         0		         0.1157	         0
l	         0.0784	         0		         0.0890	         0
r	         0.1841	         0		         0.1368	         0
a	         0.0728	         0		         0.0814	         0
p	         0.0950	         0		         0.1055	         0
l	         0.0703	         0		         0.0816	         0
r	         0.1278	         0		         0.1031	         0
e	         0.0923	         0		         0.1020	         0
e	         0.0916	         0		         0.1083	         0
a	         0.1014	         0		         0.0920	         0
k	         0.1666	         0		         0.0976	         0
f	         0.0884	         0		         0.0763	         0
f	         0.1568	         0		         0.0899	         0
g	         0.1967	         0		         0.0806	         0
y	         0.1828	         0		         0.0657	         0
t	         0.1739	         0		         0.0655	         0
s	         0.1991	         0		         0.0634	         0
r	         0.3876	         0		         0.0709	         0
v	         0.2580	         0		         0.0633	         0
t	         0.3401	         0		         0.0796	         0
l	         0.1232	         0		         0.0612	         0
g	         0.1648	         0		         0.0719	         0
g	         0.1517	         0		         0.0788	         0
e	         0.1236	         0		         0.0819	         0
d	         0.1257	         0		         0.0910	         0
v	         0.0708	         0		         0.0592	         0
r	         0.0951	         0		         0.0750	         0
l	         0.0572	         0		         0.0528	         0
l	         0.0776	         0		         0.0437	         0
v	         0.2267	         0		         0.0843	         0
p	         0.1239	         0		         0.0780	         0
t	         0.1982	         0		         0.0746	         0
t	         0.3046	         0		         0.0838	         0
f	         0.2255	         0		         0.0756	         0
M	         0.4175	         0		         0.1591	         1
N	         0.6055	         1		         0.0975	         0
l	         0.1711	         0		         0.0529	         0
S	         0.5335	         1		         0.1182	         0
g	         0.3244	         0		         0.0969	         0
k	         0.3947	         0		         0.0866	         0
a	         0.2649	         0		         0.0626	         0
v	         0.1664	         0		         0.0507	         0
a	         0.3339	         0		         0.0684	         0
a	         0.2328	         0		         0.0697	         0
m	         0.0995	         0		         0.0452	         0
a	         0.1152	         0		         0.0612	         0
s	         0.2687	         0		         0.1000	         0
f	         0.1882	         0		         0.0985	         0
f	         0.1607	         0		         0.0924	         0
r	         0.3018	         0		         0.1210	         0
i	         0.0797	         0		         0.0583	         0
n	         0.0893	         0		         0.0793	         0
p	         0.0732	         0		         0.0678	         0
d	         0.0830	         0		         0.0788	         0
e	         0.0908	         0		         0.0766	         0
i	         0.0625	         0		         0.0545	         0
l	         0.0570	         0		         0.0540	         0
v	         0.0586	         0		         0.0880	         0
a	         0.0576	         0		         0.0868	         0
h	         0.0843	         0		         0.1418	         0
d	         0.0670	         0		         0.1283	         0
e	         0.0627	         0		         0.0825	         0
l	         0.0568	         0		         0.0753	         0
d	         0.0816	         0		         0.0732	         0
l	         0.0632	         0		         0.0460	         0
p	         0.0862	         0		         0.0637	         0
p	         0.0752	         0		         0.0603	         0
g	         0.1265	         0		         0.0818	         0
v	         0.2054	         0		         0.0948	         0
a	         0.0919	         0		         0.0456	         0
k	         0.4350	         0		         0.1036	         0
f	         0.1205	         0		         0.0376	         0
K	         0.6031	         1		         0.1053	         0
l	         0.2985	         0		         0.0683	         0
G	         0.4808	         1		         0.0815	         0
G	         0.5120	         1		         0.0917	         0
G	         0.7202	         1		         0.1106	         0
H	         0.7212	         1		         0.0753	         0
G	         0.7581	         1		         0.0802	         0
G	         0.6662	         1		         0.0835	         0
H	         0.7941	         1		         0.1411	         0
N	         0.7275	         1		         0.1043	         0
g	         0.4528	         0		         0.0836	         0
l	         0.0978	         0		         0.0331	         0
k	         0.4695	         0		         0.0973	         0
d	         0.3447	         0		         0.0804	         0
i	         0.0674	         0		         0.0309	         0
i	         0.0785	         0		         0.0374	         0
s	         0.1644	         0		         0.0701	         0
k	         0.2516	         0		         0.1254	         0
l	         0.0814	         0		         0.0578	         0
g	         0.2986	         0		         0.1114	         0
n	         0.3372	         0		         0.1050	         0
n	         0.1407	         0		         0.0702	         0
p	         0.2149	         0		         0.1026	         0
n	         0.2204	         0		         0.1121	         0
F	         0.2043	         0		         0.1706	         1
h	         0.2021	         0		         0.1327	         0
R	         0.4235	         0		         0.1990	         1
l	         0.0671	         0		         0.0555	         0
R	         0.3761	         0		         0.1704	         1
i	         0.0771	         0		         0.0699	         0
G	         0.1678	         0		         0.1594	         1
i	         0.0797	         0		         0.0596	         0
g	         0.1855	         0		         0.1333	         0
h	         0.3132	         0		         0.1130	         0
p	         0.1325	         0		         0.1105	         0
g	         0.1670	         0		         0.1201	         0
d	         0.2140	         0		         0.1433	         0
k	         0.3078	         0		         0.1369	         0
n	         0.1724	         0		         0.1084	         0
k	         0.2101	         0		         0.1014	         0
v	         0.0837	         0		         0.0630	         0
v	         0.0941	         0		         0.0785	         0
g	         0.1543	         0		         0.0995	         0
f	         0.1451	         0		         0.1214	         0
v	         0.0752	         0		         0.0747	         0
l	         0.0702	         0		         0.0587	         0
g	         0.2848	         0		         0.1475	         0
k	         0.3370	         0		         0.1468	         0
p	         0.1258	         0		         0.1003	         0
p	         0.2544	         0		         0.0931	         0
v	         0.2005	         0		         0.0849	         0
s	         0.1326	         0		         0.0770	         0
e	         0.1014	         0		         0.0639	         0
q	         0.1137	         0		         0.0689	         0
k	         0.1324	         0		         0.0638	         0
l	         0.0910	         0		         0.0609	         0
i	         0.0694	         0		         0.0558	         0
d	         0.0843	         0		         0.0827	         0
e	         0.0882	         0		         0.0978	         0
a	         0.0804	         0		         0.0768	         0
i	         0.0732	         0		         0.0698	         0
d	         0.0962	         0		         0.0923	         0
e	         0.1196	         0		         0.1023	         0
a	         0.0946	         0		         0.0822	         0
a	         0.0902	         0		         0.0784	         0
r	         0.1330	         0		         0.0902	         0
c	         0.0940	         0		         0.0722	         0
t	         0.0831	         0		         0.0593	         0
e	         0.1209	         0		         0.0705	         0
m	         0.1380	         0		         0.0745	         0
w	         0.1127	         0		         0.0513	         0
f	         0.0830	         0		         0.0447	         0
t	         0.1551	         0		         0.0595	         0
d	         0.2012	         0		         0.0698	         0
g	         0.2736	         0		         0.0749	         0
l	         0.1550	         0		         0.0530	         0
t	         0.3064	         0		         0.0647	         0
k	         0.4523	         0		         0.0739	         0
a	         0.1506	         0		         0.0546	         0
t	         0.2614	         0		         0.0943	         0
n	         0.4006	         0		         0.0985	         0
r	         0.2525	         0		         0.0839	         0
l	         0.1003	         0		         0.0660	         0
h	         0.2966	         0		         0.0933	         0
a	         0.1713	         0		         0.0938	         0
f	         0.1208	         0		         0.0978	         0
k	         0.1291	         0		         0.0838	         0
a	         0.1265	         0		         0.0588	         0
q	         0.1683	         0		         0.0727	         0
