0.6951	0.0280
0.3689	0.0262
0.7860	0.0265
0.5968	0.0260
0.7137	0.0262
0.6744	0.0263
0.4989	0.0256
0.5883	0.0257
0.1593	0.0251
0.3462	0.0257
0.4326	0.0259
0.4140	0.0258
0.7217	0.0262
0.7986	0.0262
0.5011	0.0258
0.6011	0.0258
0.2041	0.0252
0.2065	0.0253
0.3908	0.0260
0.2490	0.0255
0.1610	0.0252
0.2201	0.0263
0.3950	0.0267
0.1923	0.0263
0.4356	0.0269
0.6420	0.0266
0.7022	0.0248
0.7857	0.0251
0.6988	0.0251
0.6593	0.0253
0.7473	0.0252
0.5766	0.0252
0.5004	0.0247
0.7966	0.0254
0.2660	0.0246
0.4864	0.0251
0.5491	0.0252
0.1727	0.0244
0.2030	0.0245
0.5206	0.0252
0.2904	0.0248
0.2168	0.0262
0.5972	0.0254
0.3293	0.0244
0.6982	0.0251
0.7877	0.0251
0.6492	0.0249
0.6977	0.0247
0.3583	0.0243
0.8088	0.0250
0.5796	0.0246
0.6304	0.0246
0.2610	0.0247
0.3276	0.0245
0.5074	0.0251
0.4404	0.0248
0.3115	0.0243
0.1886	0.0331
0.1165	0.0325
0.2032	0.0388
0.1795	0.0387
0.2937	0.0389
0.1196	0.0422
0.1570	0.0497
0.3108	0.0505
0.3064	0.0503
0.2015	0.0497
0.2361	0.0497
0.3027	0.0496
0.2535	0.0500
0.1730	0.0497
0.2758	0.0500
0.2404	0.0430
0.1959	0.0427
0.1396	0.0425
0.1931	0.0427
0.2219	0.0430
0.1527	0.0424
0.2142	0.0424
0.4224	0.0430
0.3058	0.0431
0.2602	0.0428
0.2892	0.0423
0.2548	0.0425
0.2564	0.0427
0.3066	0.0428
0.2974	0.0428
0.1308	0.0461
0.2228	0.0469
0.3555	0.0468
0.2149	0.0463
0.1601	0.0465
0.2823	0.0469
0.2263	0.0470
0.1675	0.0449
0.1237	0.0445
0.1632	0.0448
0.1952	0.0409
0.1985	0.0408
0.3108	0.0410
0.3292	0.0408
0.3912	0.0416
0.2623	0.0415
0.2571	0.0412
0.4666	0.0414
0.4448	0.0416
0.1896	0.0411
0.2614	0.0409
0.3077	0.0412
0.4172	0.0412
0.2320	0.0410
0.2472	0.0410
0.2456	0.0420
0.2465	0.0434
0.2330	0.0433
0.1936	0.0432
0.3266	0.0361
0.2091	0.0362
0.1472	0.0358
0.2265	0.0362
0.3381	0.0364
0.2098	0.0362
0.1761	0.0359
0.5551	0.0364
0.4730	0.0365
0.2842	0.0359
0.2451	0.0358
0.4926	0.0361
0.5398	0.0362
0.2915	0.0358
0.1547	0.0354
0.1914	0.0371
0.4049	0.0374
0.3919	0.0374
0.3712	0.0379
0.2482	0.0376
0.4938	0.0396
0.4356	0.0392
0.3058	0.0367
0.2429	0.0365
0.2758	0.0367
0.4936	0.0330
0.3300	0.0324
0.2192	0.0321
0.3974	0.0324
0.5472	0.0331
0.3556	0.0327
0.3100	0.0326
0.6470	0.0335
0.5623	0.0332
0.2244	0.0321
0.1778	0.0321
0.6244	0.0330
0.6084	0.0325
0.4750	0.0322
0.3852	0.0317
0.4368	0.0317
0.4416	0.0318
0.4350	0.0318
0.5581	0.0318
0.6614	0.0322
0.4176	0.0316
0.6278	0.0318
0.4876	0.0318
0.2671	0.0313
0.2564	0.0314
0.4246	0.0317
0.2343	0.0314
0.2438	0.0328
0.3250	0.0331
0.3865	0.0394
0.1761	0.0391
0.2095	0.0391
0.4787	0.0396
0.2502	0.0369
0.1320	0.0261
0.1571	0.0263
0.3639	0.0267
0.2459	0.0265
0.1537	0.0249
0.3260	0.0247
0.5643	0.0249
0.7588	0.0250
0.1967	0.0243
0.7187	0.0247
0.4728	0.0245
0.8054	0.0247
0.8253	0.0247
0.8287	0.0245
