0.1421	0.0725
0.2167	0.0732
0.0944	0.0583
0.0953	0.0597
0.0929	0.0572
0.1127	0.0570
0.1119	0.0564
0.1112	0.0584
0.1180	0.0561
0.0986	0.0515
0.0983	0.0507
0.1132	0.0506
0.1702	0.0552
0.1032	0.0502
0.1522	0.0549
0.1186	0.0346
0.2635	0.0428
0.1075	0.0336
0.2898	0.0403
0.2525	0.0322
0.2680	0.0334
0.1921	0.0306
0.5972	0.0414
0.4589	0.0415
0.5125	0.0408
0.6332	0.0370
0.7061	0.0460
0.1991	0.0332
0.2755	0.0404
0.3832	0.0481
0.3098	0.0405
0.6436	0.0544
0.6772	0.0497
0.5609	0.0439
0.1111	0.0325
0.5159	0.0520
0.1952	0.0387
0.3214	0.0411
0.1454	0.0379
0.3477	0.0453
0.3644	0.0487
0.2339	0.0486
0.4195	0.0498
0.1900	0.0419
0.2150	0.0503
0.1001	0.0390
0.2129	0.0472
0.5265	0.0539
0.4680	0.0455
0.2879	0.0308
0.1867	0.0294
0.2752	0.0348
0.3721	0.0392
0.4613	0.0386
0.4067	0.0389
0.4702	0.0411
0.7327	0.0546
0.4010	0.0425
0.6161	0.0516
0.2822	0.0390
0.2630	0.0460
0.3325	0.0358
0.1872	0.0328
0.1824	0.0362
0.0956	0.0381
0.1947	0.0512
0.1057	0.0421
0.2200	0.0480
0.1166	0.0400
0.4292	0.0545
0.3148	0.0566
0.1399	0.0405
0.2839	0.0529
0.4973	0.0570
0.5272	0.0599
0.1857	0.0441
0.2627	0.0443
0.3502	0.0413
0.5810	0.0476
0.3506	0.0443
0.6185	0.0488
0.4627	0.0466
0.5397	0.0573
0.6704	0.0576
0.7165	0.0700
0.7348	0.0633
0.2572	0.0366
0.1650	0.0324
0.1866	0.0375
0.3971	0.0520
0.2869	0.0461
0.1362	0.0349
0.1364	0.0320
0.2906	0.0665
0.2997	0.0703
0.1144	0.0500
0.0901	0.0461
0.2888	0.0641
0.2049	0.0714
0.0894	0.0466
0.3766	0.0789
0.4220	0.0815
0.1004	0.0477
0.2239	0.0713
0.0898	0.0478
0.0998	0.0477
0.1315	0.0362
0.1805	0.0353
0.4019	0.0415
0.3133	0.0437
0.2177	0.0371
0.2514	0.0453
0.2893	0.0404
0.7114	0.0462
