m	         0.1375	         0		         0.0961	         0
a	         0.1516	         0		         0.0840	         0
v	         0.1149	         0		         0.0755	         0
h	         0.1655	         0		         0.0723	         0
l	         0.0851	         0		         0.0577	         0
l	         0.0875	         0		         0.0610	         0
i	         0.0788	         0		         0.0568	         0
v	         0.0909	         0		         0.0591	         0
d	         0.1278	         0		         0.0586	         0
a	         0.1485	         0		         0.0507	         0
l	         0.2093	         0		         0.0548	         0
n	         0.2243	         0		         0.0565	         0
l	         0.0968	         0		         0.0465	         0
i	         0.1027	         0		         0.0488	         0
r	         0.2395	         0		         0.0661	         0
r	         0.3913	         0		         0.0607	         0
i	         0.1400	         0		         0.0486	         0
h	         0.2810	         0		         0.0587	         0
a	         0.2234	         0		         0.0552	         0
v	         0.1600	         0		         0.0483	         0
q	         0.1505	         0		         0.0526	         0
g	         0.1991	         0		         0.0528	         0
s	         0.1928	         0		         0.0470	         0
p	         0.1493	         0		         0.0463	         0
c	         0.1381	         0		         0.0467	         0
v	         0.1212	         0		         0.0462	         0
e	         0.2062	         0		         0.0533	         0
t	         0.2343	         0		         0.0523	         0
c	         0.1516	         0		         0.0497	         0
q	         0.1241	         0		         0.0469	         0
h	         0.3686	         0		         0.0520	         0
a	         0.2054	         0		         0.0493	         0
l	         0.0932	         0		         0.0452	         0
d	         0.1108	         0		         0.0484	         0
q	         0.1885	         0		         0.0543	         0
l	         0.0940	         0		         0.0445	         0
i	         0.0921	         0		         0.0446	         0
m	         0.1793	         0		         0.0523	         0
h	         0.2078	         0		         0.0541	         0
s	         0.1480	         0		         0.0570	         0
q	         0.2096	         0		         0.0572	         0
p	         0.1506	         0		         0.0572	         0
t	         0.2714	         0		         0.0599	         0
h	         0.3199	         0		         0.0629	         0
a	         0.1209	         0		         0.0520	         0
v	         0.1085	         0		         0.0502	         0
a	         0.1126	         0		         0.0470	         0
v	         0.0947	         0		         0.0468	         0
f	         0.1140	         0		         0.0505	         0
d	         0.1123	         0		         0.0397	         0
d	         0.1501	         0		         0.0397	         0
e	         0.1688	         0		         0.0314	         0
n	         0.1589	         0		         0.0306	         0
r	         0.3561	         0		         0.0328	         0
s	         0.2459	         0		         0.0348	         0
s	         0.3000	         0		         0.0396	         0
G	         0.5564	         1		         0.0434	         0
w	         0.3962	         0		         0.0451	         0
R	         0.7098	         1		         0.0513	         0
H	         0.5294	         1		         0.0501	         0
q	         0.2120	         0		         0.0407	         0
r	         0.1263	         0		         0.0357	         0
l	         0.1718	         0		         0.0438	         0
p	         0.1209	         0		         0.0444	         0
d	         0.1339	         0		         0.0398	         0
y	         0.3580	         0		         0.0500	         0
k	         0.4162	         0		         0.0804	         0
a	         0.1592	         0		         0.0646	         0
g	         0.2889	         0		         0.0886	         0
r	         0.4135	         0		         0.0824	         0
p	         0.1504	         0		         0.0649	         0
p	         0.1137	         0		         0.0659	         0
m	         0.1294	         0		         0.0636	         0
p	         0.1007	         0		         0.0674	         0
e	         0.0994	         0		         0.0576	         0
e	         0.0924	         0		         0.0528	         0
l	         0.0772	         0		         0.0428	         0
h	         0.1093	         0		         0.0719	         0
d	         0.1026	         0		         0.0719	         0
e	         0.1274	         0		         0.0714	         0
m	         0.0901	         0		         0.0668	         0
p	         0.1191	         0		         0.0727	         0
a	         0.1078	         0		         0.0670	         0
l	         0.0844	         0		         0.0630	         0
r	         0.1649	         0		         0.0628	         0
a	         0.1151	         0		         0.0593	         0
a	         0.0968	         0		         0.0538	         0
f	         0.0908	         0		         0.0520	         0
e	         0.1517	         0		         0.0555	         0
q	         0.1411	         0		         0.0571	         0
r	         0.1360	         0		         0.0544	         0
g	         0.2352	         0		         0.0601	         0
v	         0.1403	         0		         0.0495	         0
p	         0.2905	         0		         0.0535	         0
c	         0.2625	         0		         0.0519	         0
w	         0.2151	         0		         0.0489	         0
s	         0.3025	         0		         0.0503	         0
t	         0.2740	         0		         0.0501	         0
s	         0.2654	         0		         0.0502	         0
g	         0.3455	         0		         0.0499	         0
n	         0.2916	         0		         0.0501	         0
e	         0.1355	         0		         0.0464	         0
a	         0.1575	         0		         0.0467	         0
d	         0.2267	         0		         0.0523	         0
d	         0.2159	         0		         0.0517	         0
l	         0.1003	         0		         0.0476	         0
a	         0.1075	         0		         0.0470	         0
a	         0.1412	         0		         0.0479	         0
t	         0.2917	         0		         0.0533	         0
l	         0.1071	         0		         0.0471	         0
a	         0.1455	         0		         0.0475	         0
v	         0.2304	         0		         0.0464	         0
k	         0.3296	         0		         0.0483	         0
v	         0.1536	         0		         0.0454	         0
t	         0.2570	         0		         0.0487	         0
q	         0.2976	         0		         0.0494	         0
a	         0.2618	         0		         0.0477	         0
g	         0.3021	         0		         0.0331	         0
h	         0.3927	         0		         0.0341	         0
q	         0.3170	         0		         0.0348	         0
a	         0.1919	         0		         0.0323	         0
t	         0.2175	         0		         0.0335	         0
i	         0.1375	         0		         0.0306	         0
v	         0.1673	         0		         0.0323	         0
S	         0.6633	         1		         0.0393	         0
t	         0.4236	         0		         0.0375	         0
d	         0.2582	         0		         0.0434	         0
K	         0.6282	         1		         0.0417	         0
g	         0.2398	         0		         0.0394	         0
y	         0.1542	         0		         0.0330	         0
c	         0.1495	         0		         0.0343	         0
q	         0.4045	         0		         0.0449	         0
l	         0.0962	         0		         0.0323	         0
l	         0.1012	         0		         0.0339	         0
s	         0.2363	         0		         0.0456	         0
p	         0.1499	         0		         0.0534	         0
t	         0.2470	         0		         0.0628	         0
l	         0.1418	         0		         0.0491	         0
r	         0.3611	         0		         0.0610	         0
i	         0.1110	         0		         0.0519	         0
r	         0.1586	         0		         0.0529	         0
d	         0.1518	         0		         0.0644	         0
y	         0.2256	         0		         0.0600	         0
f	         0.1794	         0		         0.0544	         0
q	         0.2095	         0		         0.0578	         0
k	         0.2369	         0		         0.0568	         0
r	         0.2102	         0		         0.0653	         0
w	         0.1169	         0		         0.0605	         0
l	         0.1323	         0		         0.0607	         0
d	         0.2004	         0		         0.0690	         0
a	         0.1112	         0		         0.0593	         0
p	         0.1095	         0		         0.0602	         0
f	         0.1116	         0		         0.0608	         0
i	         0.0924	         0		         0.0625	         0
d	         0.1149	         0		         0.0648	         0
k	         0.1410	         0		         0.0580	         0
e	         0.1576	         0		         0.0595	         0
f	         0.1566	         0		         0.0587	         0
g	         0.1809	         0		         0.0580	         0
v	         0.1077	         0		         0.0536	         0
q	         0.1672	         0		         0.0588	         0
p	         0.1495	         0		         0.0603	         0
q	         0.2676	         0		         0.0609	         0
q	         0.2489	         0		         0.0593	         0
l	         0.1153	         0		         0.0551	         0
p	         0.1390	         0		         0.0556	         0
d	         0.1442	         0		         0.0577	         0
y	         0.1761	         0		         0.0467	         0
w	         0.1369	         0		         0.0348	         0
g	         0.1281	         0		         0.0343	         0
l	         0.0893	         0		         0.0252	         0
a	         0.1767	         0		         0.0297	         0
g	         0.3118	         0		         0.0316	         0
i	         0.3414	         0		         0.0305	         0
S	         0.4947	         1		         0.0299	         0
S	         0.6755	         1		         0.0320	         0
S	         0.5843	         1		         0.0342	         0
K	         0.7967	         1		         0.0337	         0
v	         0.2835	         0		         0.0270	         0
p	         0.4408	         0		         0.0340	         0
G	         0.5436	         1		         0.0341	         0
v	         0.2200	         0		         0.0267	         0
a	         0.4522	         0		         0.0330	         0
G	         0.5612	         1		         0.0352	         0
i	         0.2488	         0		         0.0265	         0
G	         0.4919	         1		         0.0338	         0
p	         0.3893	         0		         0.0305	         0
K	         0.8006	         1		         0.0354	         0
S	         0.6436	         1		         0.0327	         0
a	         0.2102	         0		         0.0260	         0
t	         0.2067	         0		         0.0268	         0
q	         0.2623	         0		         0.0282	         0
l	         0.1016	         0		         0.0243	         0
l	         0.1017	         0		         0.0245	         0
v	         0.2880	         0		         0.0284	         0
e	         0.1866	         0		         0.0372	         0
f	         0.1417	         0		         0.0591	         0
q	         0.1499	         0		         0.0558	         0
s	         0.2379	         0		         0.0583	         0
l	         0.0919	         0		         0.0497	         0
e	         0.1105	         0		         0.0533	         0
g	         0.1715	         0		         0.0544	         0
i	         0.0951	         0		         0.0538	         0
y	         0.1132	         0		         0.0563	         0
e	         0.1263	         0		         0.0579	         0
n	         0.2191	         0		         0.0614	         0
l	         0.0982	         0		         0.0521	         0
d	         0.1371	         0		         0.0572	         0
a	         0.1437	         0		         0.0553	         0
v	         0.1005	         0		         0.0503	         0
a	         0.1453	         0		         0.0570	         0
e	         0.1580	         0		         0.0601	         0
k	         0.2712	         0		         0.0647	         0
w	         0.1065	         0		         0.0544	         0
r	         0.1776	         0		         0.0598	         0
k	         0.2028	         0		         0.0606	         0
k	         0.2873	         0		         0.0660	         0
l	         0.0922	         0		         0.0516	         0
e	         0.1226	         0		         0.0581	         0
t	         0.1395	         0		         0.0578	         0
h	         0.2286	         0		         0.0649	         0
k	         0.1660	         0		         0.0593	         0
e	         0.1329	         0		         0.0590	         0
m	         0.1560	         0		         0.0588	         0
a	         0.1016	         0		         0.0591	         0
f	         0.1219	         0		         0.0559	         0
l	         0.0948	         0		         0.0489	         0
c	         0.1848	         0		         0.0561	         0
r	         0.2488	         0		         0.0609	         0
d	         0.1598	         0		         0.0628	         0
i	         0.0869	         0		         0.0482	         0
a	         0.1408	         0		         0.0513	         0
r	         0.3290	         0		         0.0571	         0
l	         0.0919	         0		         0.0463	         0
q	         0.1491	         0		         0.0579	         0
t	         0.1532	         0		         0.0611	         0
d	         0.1432	         0		         0.0614	         0
l	         0.0955	         0		         0.0489	         0
h	         0.1687	         0		         0.0544	         0
i	         0.0905	         0		         0.0471	         0
d	         0.1263	         0		         0.0735	         0
g	         0.1053	         0		         0.0675	         0
n	         0.1622	         0		         0.0721	         0
l	         0.0997	         0		         0.0553	         0
q	         0.1341	         0		         0.0621	         0
q	         0.1325	         0		         0.0619	         0
l	         0.0927	         0		         0.0560	         0
r	         0.1744	         0		         0.0628	         0
l	         0.1337	         0		         0.0627	         0
v	         0.1732	         0		         0.0732	         0
r	         0.2521	         0		         0.0618	         0
