M	         0.0453	         0		         0.2721	         1
G	         0.0375	         0		         0.1533	         1
S	         0.1082	         0		         0.2063	         1
S	         0.2089	         0		         0.2000	         1
H	         0.1923	         0		         0.2329	         1
H	         0.2111	         0		         0.2663	         1
H	         0.2093	         0		         0.2624	         1
H	         0.2196	         0		         0.2657	         1
H	         0.2262	         0		         0.2707	         1
H	         0.1731	         0		         0.2392	         1
S	         0.1946	         0		         0.1575	         1
S	         0.1630	         0		         0.1666	         1
g	         0.1006	         0		         0.1089	         0
l	         0.0653	         0		         0.0573	         0
v	         0.0757	         0		         0.0739	         0
p	         0.0863	         0		         0.1001	         0
R	         0.1500	         0		         0.1721	         1
G	         0.0887	         0		         0.1543	         1
S	         0.0846	         0		         0.1624	         1
H	         0.1020	         0		         0.1681	         1
m	         0.0818	         0		         0.1246	         0
q	         0.0900	         0		         0.1204	         0
e	         0.0885	         0		         0.1469	         0
q	         0.0793	         0		         0.1417	         0
y	         0.0702	         0		         0.1207	         0
r	         0.0698	         0		         0.1394	         0
p	         0.0583	         0		         0.1064	         0
e	         0.0612	         0		         0.1140	         0
e	         0.0593	         0		         0.1113	         0
i	         0.0577	         0		         0.0916	         0
e	         0.0569	         0		         0.0893	         0
s	         0.0611	         0		         0.1054	         0
k	         0.0722	         0		         0.1450	         0
v	         0.0682	         0		         0.1365	         0
Q	         0.0666	         0		         0.1579	         1
L	         0.0667	         0		         0.1552	         1
H	         0.0662	         0		         0.1730	         1
w	         0.0683	         0		         0.1103	         0
d	         0.0628	         0		         0.1088	         0
e	         0.0626	         0		         0.1099	         0
k	         0.0694	         0		         0.1107	         0
r	         0.0757	         0		         0.1125	         0
t	         0.0605	         0		         0.0869	         0
f	         0.0645	         0		         0.1032	         0
e	         0.0663	         0		         0.0976	         0
v	         0.0637	         0		         0.0981	         0
t	         0.0623	         0		         0.1038	         0
e	         0.0600	         0		         0.0995	         0
d	         0.0623	         0		         0.1255	         0
e	         0.0632	         0		         0.1156	         0
s	         0.0666	         0		         0.1121	         0
k	         0.0738	         0		         0.1222	         0
e	         0.0654	         0		         0.1288	         0
k	         0.0624	         0		         0.1409	         0
Y	         0.0627	         0		         0.1525	         1
y	         0.0606	         0		         0.1133	         0
c	         0.0506	         0		         0.0833	         0
l	         0.0534	         0		         0.0983	         0
s	         0.0504	         0		         0.1269	         0
m	         0.0520	         0		         0.1232	         0
l	         0.0523	         0		         0.1276	         0
P	         0.0610	         0		         0.1741	         1
Y	         0.1189	         0		         0.2087	         1
p	         0.0599	         0		         0.1441	         0
S	         0.0978	         0		         0.2376	         1
G	         0.0757	         0		         0.2174	         1
R	         0.0911	         0		         0.1718	         1
l	         0.0532	         0		         0.1020	         0
H	         0.1293	         0		         0.3066	         1
m	         0.0529	         0		         0.1042	         0
G	         0.0689	         0		         0.1972	         1
H	         0.0886	         0		         0.2966	         1
v	         0.0506	         0		         0.0861	         0
r	         0.0620	         0		         0.1203	         0
N	         0.1001	         0		         0.1559	         1
y	         0.0898	         0		         0.1374	         0
t	         0.0528	         0		         0.0930	         0
i	         0.0545	         0		         0.0852	         0
g	         0.0640	         0		         0.1037	         0
d	         0.0609	         0		         0.1361	         0
v	         0.0533	         0		         0.0889	         0
i	         0.0528	         0		         0.0917	         0
a	         0.0615	         0		         0.0974	         0
R	         0.1405	         0		         0.1862	         1
y	         0.0965	         0		         0.1450	         0
q	         0.0730	         0		         0.1427	         0
R	         0.1270	         0		         0.1799	         1
m	         0.0680	         0		         0.1284	         0
l	         0.0733	         0		         0.1070	         0
g	         0.0631	         0		         0.1130	         0
k	         0.0836	         0		         0.1314	         0
n	         0.0628	         0		         0.1211	         0
v	         0.0538	         0		         0.0895	         0
l	         0.0556	         0		         0.0820	         0
Q	         0.0590	         0		         0.1559	         1
p	         0.0583	         0		         0.1074	         0
i	         0.0679	         0		         0.1333	         0
g	         0.0738	         0		         0.1347	         0
w	         0.0822	         0		         0.1246	         0
D	         0.0707	         0		         0.1636	         1
a	         0.0651	         0		         0.1187	         0
F	         0.0833	         0		         0.1527	         1
g	         0.0701	         0		         0.1314	         0
l	         0.0625	         0		         0.0966	         0
p	         0.0646	         0		         0.1067	         0
a	         0.0590	         0		         0.0798	         0
e	         0.0597	         0		         0.0797	         0
g	         0.0620	         0		         0.0886	         0
a	         0.0671	         0		         0.0960	         0
a	         0.0607	         0		         0.0751	         0
v	         0.0685	         0		         0.0774	         0
k	         0.1273	         0		         0.1115	         0
n	         0.0775	         0		         0.1032	         0
n	         0.0814	         0		         0.1198	         0
t	         0.0674	         0		         0.0991	         0
a	         0.0801	         0		         0.1255	         0
p	         0.0724	         0		         0.1272	         0
a	         0.0747	         0		         0.1188	         0
p	         0.0699	         0		         0.1003	         0
w	         0.0714	         0		         0.1268	         0
t	         0.0617	         0		         0.1258	         0
y	         0.0584	         0		         0.1381	         0
D	         0.0543	         0		         0.1549	         1
n	         0.0534	         0		         0.1487	         0
i	         0.0550	         0		         0.1197	         0
a	         0.0568	         0		         0.1379	         0
y	         0.0671	         0		         0.1350	         0
m	         0.0624	         0		         0.1442	         0
K	         0.0727	         0		         0.1587	         1
N	         0.0644	         0		         0.1512	         1
Q	         0.0619	         0		         0.1547	         1
l	         0.0568	         0		         0.1173	         0
K	         0.0748	         0		         0.1503	         1
m	         0.0766	         0		         0.1342	         0
l	         0.0533	         0		         0.1003	         0
G	         0.0647	         0		         0.1499	         1
f	         0.0554	         0		         0.1092	         0
g	         0.0725	         0		         0.1207	         0
y	         0.0710	         0		         0.1130	         0
d	         0.0652	         0		         0.1243	         0
w	         0.0598	         0		         0.0959	         0
s	         0.0605	         0		         0.1076	         0
r	         0.0732	         0		         0.1230	         0
e	         0.0557	         0		         0.1134	         0
l	         0.0616	         0		         0.1102	         0
a	         0.0717	         0		         0.1145	         0
t	         0.0740	         0		         0.1260	         0
c	         0.0579	         0		         0.1131	         0
t	         0.0604	         0		         0.1246	         0
p	         0.0566	         0		         0.1152	         0
e	         0.0582	         0		         0.1146	         0
y	         0.0672	         0		         0.1335	         0
y	         0.0672	         0		         0.1033	         0
r	         0.0629	         0		         0.1105	         0
w	         0.0593	         0		         0.1037	         0
e	         0.0588	         0		         0.1086	         0
q	         0.0715	         0		         0.1259	         0
k	         0.0820	         0		         0.1163	         0
f	         0.0563	         0		         0.0937	         0
f	         0.0556	         0		         0.1177	         0
t	         0.0580	         0		         0.1102	         0
E	         0.0663	         0		         0.1528	         1
l	         0.0543	         0		         0.0824	         0
y	         0.0704	         0		         0.1228	         0
k	         0.0687	         0		         0.1083	         0
k	         0.0741	         0		         0.1331	         0
G	         0.0683	         0		         0.1506	         1
l	         0.0590	         0		         0.1104	         0
v	         0.0587	         0		         0.0822	         0
y	         0.1078	         0		         0.1329	         0
k	         0.0969	         0		         0.1238	         0
k	         0.0784	         0		         0.1174	         0
t	         0.0782	         0		         0.1165	         0
s	         0.0875	         0		         0.1242	         0
a	         0.0707	         0		         0.1132	         0
v	         0.0841	         0		         0.1042	         0
n	         0.0998	         0		         0.1164	         0
w	         0.1098	         0		         0.1290	         0
c	         0.0748	         0		         0.1342	         0
p	         0.0809	         0		         0.1095	         0
n	         0.0981	         0		         0.1264	         0
d	         0.0708	         0		         0.1087	         0
q	         0.0779	         0		         0.0994	         0
t	         0.0931	         0		         0.1005	         0
v	         0.0752	         0		         0.0862	         0
l	         0.0662	         0		         0.0742	         0
a	         0.0756	         0		         0.0835	         0
n	         0.0721	         0		         0.0899	         0
e	         0.0691	         0		         0.0856	         0
q	         0.0678	         0		         0.0918	         0
v	         0.0667	         0		         0.0811	         0
i	         0.0691	         0		         0.0864	         0
d	         0.0758	         0		         0.1094	         0
g	         0.0802	         0		         0.1177	         0
c	         0.0786	         0		         0.1141	         0
c	         0.0742	         0		         0.1358	         0
w	         0.0736	         0		         0.1074	         0
r	         0.0903	         0		         0.1355	         0
c	         0.0680	         0		         0.1398	         0
d	         0.0717	         0		         0.1357	         0
t	         0.0709	         0		         0.1228	         0
k	         0.0682	         0		         0.1246	         0
v	         0.0548	         0		         0.0980	         0
e	         0.0560	         0		         0.0954	         0
r	         0.0751	         0		         0.1310	         0
k	         0.0750	         0		         0.1483	         0
e	         0.0641	         0		         0.1201	         0
i	         0.0604	         0		         0.1014	         0
p	         0.0640	         0		         0.1288	         0
q	         0.0676	         0		         0.1431	         0
w	         0.0607	         0		         0.1038	         0
f	         0.0745	         0		         0.1331	         0
i	         0.0683	         0		         0.0941	         0
k	         0.0891	         0		         0.1289	         0
i	         0.0676	         0		         0.0872	         0
t	         0.0734	         0		         0.1181	         0
a	         0.0697	         0		         0.0989	         0
y	         0.0753	         0		         0.1172	         0
a	         0.0684	         0		         0.0915	         0
d	         0.0700	         0		         0.1009	         0
e	         0.0695	         0		         0.0996	         0
l	         0.0641	         0		         0.0810	         0
l	         0.0656	         0		         0.0903	         0
n	         0.0669	         0		         0.1054	         0
d	         0.0668	         0		         0.1083	         0
l	         0.0642	         0		         0.0851	         0
d	         0.0670	         0		         0.1034	         0
k	         0.0723	         0		         0.1141	         0
l	         0.0656	         0		         0.0919	         0
d	         0.0671	         0		         0.1043	         0
h	         0.0759	         0		         0.1150	         0
w	         0.0745	         0		         0.1081	         0
p	         0.0674	         0		         0.1213	         0
d	         0.0702	         0		         0.1065	         0
t	         0.0768	         0		         0.1075	         0
v	         0.0667	         0		         0.0806	         0
k	         0.0818	         0		         0.0975	         0
t	         0.0825	         0		         0.0935	         0
m	         0.0791	         0		         0.0889	         0
q	         0.0777	         0		         0.0980	         0
r	         0.1069	         0		         0.1030	         0
n	         0.1055	         0		         0.1110	         0
w	         0.1067	         0		         0.1015	         0
i	         0.0684	         0		         0.0748	         0
g	         0.0928	         0		         0.1029	         0
r	         0.1006	         0		         0.1023	         0
s	         0.0843	         0		         0.1010	         0
e	         0.0718	         0		         0.0899	         0
g	         0.0791	         0		         0.0941	         0
v	         0.0675	         0		         0.0774	         0
e	         0.0717	         0		         0.0871	         0
i	         0.0656	         0		         0.0748	         0
t	         0.0752	         0		         0.0929	         0
f	         0.0701	         0		         0.0900	         0
n	         0.0718	         0		         0.0982	         0
v	         0.0649	         0		         0.0769	         0
n	         0.0753	         0		         0.0976	         0
d	         0.0795	         0		         0.1011	         0
y	         0.1049	         0		         0.1054	         0
d	         0.0770	         0		         0.1018	         0
n	         0.0711	         0		         0.0958	         0
t	         0.0756	         0		         0.1129	         0
l	         0.0635	         0		         0.0680	         0
t	         0.0696	         0		         0.0791	         0
v	         0.0720	         0		         0.0735	         0
y	         0.1033	         0		         0.0918	         0
t	         0.1087	         0		         0.1177	         0
t	         0.1082	         0		         0.1073	         0
r	         0.1446	         0		         0.1319	         0
p	         0.0763	         0		         0.1073	         0
d	         0.0891	         0		         0.0971	         0
t	         0.1070	         0		         0.1280	         0
f	         0.0685	         0		         0.0805	         0
m	         0.0718	         0		         0.1072	         0
g	         0.0745	         0		         0.0990	         0
c	         0.0702	         0		         0.0955	         0
t	         0.0701	         0		         0.1081	         0
y	         0.0719	         0		         0.0995	         0
l	         0.0573	         0		         0.0830	         0
a	         0.0621	         0		         0.0935	         0
v	         0.0635	         0		         0.0875	         0
a	         0.0886	         0		         0.1328	         0
a	         0.0694	         0		         0.1239	         0
g	         0.0752	         0		         0.1222	         0
h	         0.0774	         0		         0.1097	         0
p	         0.0688	         0		         0.1118	         0
l	         0.0667	         0		         0.1058	         0
a	         0.0668	         0		         0.0897	         0
q	         0.0661	         0		         0.0961	         0
k	         0.0686	         0		         0.0891	         0
a	         0.0666	         0		         0.0866	         0
a	         0.0721	         0		         0.0956	         0
e	         0.0703	         0		         0.1004	         0
n	         0.0710	         0		         0.1057	         0
n	         0.0716	         0		         0.1020	         0
p	         0.0681	         0		         0.0979	         0
e	         0.0656	         0		         0.0906	         0
l	         0.0627	         0		         0.0852	         0
a	         0.0661	         0		         0.0939	         0
a	         0.0660	         0		         0.0924	         0
f	         0.0655	         0		         0.0910	         0
i	         0.0651	         0		         0.0776	         0
d	         0.0698	         0		         0.0858	         0
e	         0.0703	         0		         0.0819	         0
c	         0.0705	         0		         0.0796	         0
r	         0.0802	         0		         0.0853	         0
n	         0.0775	         0		         0.0871	         0
t	         0.0743	         0		         0.0804	         0
k	         0.1010	         0		         0.0897	         0
v	         0.0808	         0		         0.0820	         0
a	         0.0752	         0		         0.0750	         0
e	         0.0749	         0		         0.0790	         0
a	         0.0858	         0		         0.0810	         0
e	         0.0723	         0		         0.0753	         0
m	         0.0708	         0		         0.0736	         0
a	         0.0701	         0		         0.0756	         0
t	         0.0719	         0		         0.0818	         0
m	         0.0775	         0		         0.0844	         0
e	         0.0761	         0		         0.0814	         0
k	         0.0834	         0		         0.0874	         0
k	         0.0963	         0		         0.0840	         0
g	         0.0895	         0		         0.0873	         0
v	         0.0815	         0		         0.0762	         0
d	         0.0775	         0		         0.0832	         0
t	         0.0921	         0		         0.0878	         0
g	         0.1047	         0		         0.0981	         0
f	         0.0782	         0		         0.0819	         0
k	         0.1148	         0		         0.1130	         0
a	         0.0717	         0		         0.0872	         0
v	         0.0751	         0		         0.0907	         0
h	         0.0917	         0		         0.1107	         0
p	         0.0679	         0		         0.0991	         0
l	         0.0624	         0		         0.0740	         0
t	         0.0710	         0		         0.0927	         0
g	         0.0724	         0		         0.1025	         0
e	         0.0730	         0		         0.1055	         0
e	         0.0659	         0		         0.0928	         0
i	         0.0628	         0		         0.0791	         0
p	         0.0660	         0		         0.1089	         0
v	         0.0626	         0		         0.0897	         0
w	         0.0639	         0		         0.0916	         0
a	         0.0654	         0		         0.0964	         0
a	         0.0723	         0		         0.0961	         0
n	         0.0713	         0		         0.1014	         0
f	         0.0728	         0		         0.0977	         0
v	         0.0629	         0		         0.0764	         0
l	         0.0708	         0		         0.0838	         0
m	         0.0742	         0		         0.0846	         0
e	         0.0734	         0		         0.0904	         0
y	         0.0936	         0		         0.0963	         0
g	         0.0783	         0		         0.0983	         0
t	         0.1059	         0		         0.1066	         0
g	         0.0830	         0		         0.1023	         0
a	         0.0658	         0		         0.0791	         0
v	         0.0679	         0		         0.0851	         0
m	         0.0907	         0		         0.1213	         0
a	         0.0740	         0		         0.0987	         0
v	         0.0665	         0		         0.0912	         0
p	         0.0676	         0		         0.1125	         0
g	         0.0749	         0		         0.1050	         0
h	         0.0976	         0		         0.1464	         0
d	         0.0739	         0		         0.1245	         0
q	         0.0671	         0		         0.1067	         0
r	         0.0790	         0		         0.1017	         0
d	         0.0655	         0		         0.1145	         0
y	         0.0767	         0		         0.1062	         0
e	         0.0645	         0		         0.0939	         0
f	         0.0606	         0		         0.0954	         0
a	         0.0632	         0		         0.0967	         0
s	         0.0667	         0		         0.1145	         0
k	         0.0810	         0		         0.1274	         0
y	         0.0841	         0		         0.1313	         0
g	         0.0815	         0		         0.1324	         0
l	         0.0593	         0		         0.0854	         0
n	         0.0642	         0		         0.1167	         0
i	         0.0629	         0		         0.1003	         0
k	         0.0673	         0		         0.1034	         0
p	         0.0616	         0		         0.1186	         0
v	         0.0585	         0		         0.0991	         0
i	         0.0655	         0		         0.0904	         0
l	         0.0722	         0		         0.1176	         0
a	         0.0719	         0		         0.1095	         0
a	         0.0718	         0		         0.1003	         0
d	         0.0714	         0		         0.1041	         0
g	         0.0718	         0		         0.0986	         0
s	         0.0721	         0		         0.1149	         0
e	         0.0731	         0		         0.1118	         0
p	         0.0692	         0		         0.1025	         0
d	         0.0776	         0		         0.1030	         0
l	         0.0676	         0		         0.0790	         0
s	         0.0714	         0		         0.0918	         0
q	         0.0758	         0		         0.1016	         0
q	         0.0725	         0		         0.0945	         0
a	         0.0697	         0		         0.0910	         0
l	         0.0818	         0		         0.1116	         0
t	         0.0779	         0		         0.0900	         0
e	         0.0730	         0		         0.0858	         0
k	         0.0812	         0		         0.1001	         0
g	         0.0790	         0		         0.1030	         0
v	         0.0869	         0		         0.1030	         0
l	         0.0642	         0		         0.0921	         0
f	         0.0694	         0		         0.0899	         0
n	         0.0856	         0		         0.1019	         0
s	         0.0861	         0		         0.0942	         0
g	         0.0914	         0		         0.0909	         0
e	         0.0834	         0		         0.0918	         0
f	         0.0771	         0		         0.0869	         0
n	         0.0925	         0		         0.1019	         0
g	         0.0862	         0		         0.1013	         0
l	         0.0700	         0		         0.0843	         0
d	         0.0895	         0		         0.1066	         0
h	         0.0810	         0		         0.0928	         0
e	         0.0812	         0		         0.0974	         0
a	         0.0725	         0		         0.0866	         0
a	         0.0718	         0		         0.0800	         0
f	         0.0891	         0		         0.0978	         0
n	         0.0850	         0		         0.0995	         0
a	         0.0810	         0		         0.0951	         0
i	         0.0697	         0		         0.0803	         0
a	         0.0727	         0		         0.0793	         0
d	         0.0817	         0		         0.0943	         0
k	         0.0899	         0		         0.0982	         0
l	         0.0700	         0		         0.0724	         0
t	         0.0936	         0		         0.0883	         0
a	         0.0912	         0		         0.0813	         0
m	         0.0984	         0		         0.0914	         0
g	         0.1057	         0		         0.1028	         0
v	         0.0840	         0		         0.0831	         0
g	         0.0837	         0		         0.0868	         0
e	         0.0979	         0		         0.0952	         0
r	         0.1338	         0		         0.1060	         0
k	         0.1219	         0		         0.1109	         0
v	         0.0838	         0		         0.0890	         0
n	         0.0803	         0		         0.1173	         0
y	         0.1028	         0		         0.1188	         0
r	         0.1134	         0		         0.1285	         0
l	         0.0625	         0		         0.0724	         0
r	         0.1075	         0		         0.1202	         0
d	         0.0744	         0		         0.1279	         0
w	         0.0930	         0		         0.0962	         0
g	         0.0607	         0		         0.1031	         0
v	         0.0651	         0		         0.0857	         0
s	         0.1137	         0		         0.1365	         0
r	         0.1520	         0		         0.1434	         0
q	         0.1451	         0		         0.1382	         0
r	         0.1227	         0		         0.1231	         0
y	         0.1042	         0		         0.1245	         0
w	         0.0951	         0		         0.1010	         0
g	         0.0739	         0		         0.1136	         0
a	         0.0657	         0		         0.1009	         0
p	         0.0623	         0		         0.1076	         0
i	         0.0575	         0		         0.0733	         0
p	         0.0618	         0		         0.1200	         0
m	         0.0565	         0		         0.0828	         0
v	         0.0583	         0		         0.0859	         0
t	         0.0628	         0		         0.1204	         0
l	         0.0587	         0		         0.1126	         0
e	         0.0620	         0		         0.1051	         0
d	         0.0600	         0		         0.1099	         0
g	         0.0697	         0		         0.1177	         0
t	         0.0761	         0		         0.1142	         0
v	         0.0752	         0		         0.0989	         0
m	         0.0723	         0		         0.0952	         0
p	         0.0725	         0		         0.0964	         0
t	         0.0690	         0		         0.0939	         0
p	         0.0715	         0		         0.1078	         0
d	         0.0696	         0		         0.1056	         0
d	         0.0734	         0		         0.1165	         0
q	         0.0714	         0		         0.1005	         0
l	         0.0655	         0		         0.0813	         0
p	         0.0676	         0		         0.1055	         0
v	         0.0660	         0		         0.0915	         0
i	         0.0665	         0		         0.0950	         0
l	         0.0643	         0		         0.0820	         0
p	         0.0656	         0		         0.0930	         0
e	         0.0657	         0		         0.0899	         0
d	         0.0662	         0		         0.0941	         0
v	         0.0664	         0		         0.0859	         0
v	         0.0700	         0		         0.0909	         0
m	         0.0693	         0		         0.0850	         0
d	         0.0750	         0		         0.1004	         0
g	         0.0767	         0		         0.0955	         0
i	         0.0753	         0		         0.0903	         0
t	         0.0740	         0		         0.1058	         0
s	         0.0752	         0		         0.1109	         0
p	         0.0685	         0		         0.1029	         0
i	         0.0629	         0		         0.0903	         0
k	         0.0760	         0		         0.1065	         0
a	         0.0674	         0		         0.1072	         0
d	         0.0641	         0		         0.1074	         0
p	         0.0618	         0		         0.1059	         0
e	         0.0651	         0		         0.1151	         0
w	         0.0738	         0		         0.1043	         0
a	         0.0625	         0		         0.0842	         0
k	         0.0845	         0		         0.1096	         0
t	         0.0743	         0		         0.0955	         0
t	         0.0801	         0		         0.1001	         0
v	         0.0640	         0		         0.1001	         0
n	         0.0679	         0		         0.0923	         0
g	         0.0750	         0		         0.1051	         0
m	         0.0724	         0		         0.1006	         0
p	         0.0648	         0		         0.1063	         0
a	         0.0643	         0		         0.1001	         0
l	         0.0700	         0		         0.1054	         0
r	         0.0832	         0		         0.1276	         0
e	         0.0602	         0		         0.0925	         0
t	         0.0679	         0		         0.1077	         0
d	         0.0661	         0		         0.1060	         0
t	         0.0653	         0		         0.0975	         0
f	         0.0586	         0		         0.0866	         0
d	         0.0622	         0		         0.1087	         0
t	         0.0681	         0		         0.1134	         0
f	         0.0795	         0		         0.1044	         0
m	         0.0630	         0		         0.1144	         0
e	         0.0669	         0		         0.1270	         0
s	         0.0799	         0		         0.1369	         0
s	         0.0699	         0		         0.1312	         0
w	         0.0711	         0		         0.1157	         0
Y	         0.0750	         0		         0.1568	         1
y	         0.0807	         0		         0.1492	         0
a	         0.0513	         0		         0.0989	         0
R	         0.0749	         0		         0.1709	         1
y	         0.0793	         0		         0.1408	         0
t	         0.0590	         0		         0.1202	         0
c	         0.0662	         0		         0.1341	         0
p	         0.0567	         0		         0.1278	         0
q	         0.0736	         0		         0.1374	         0
y	         0.0738	         0		         0.1079	         0
k	         0.0653	         0		         0.1110	         0
e	         0.0598	         0		         0.1137	         0
g	         0.0572	         0		         0.1039	         0
m	         0.0538	         0		         0.1009	         0
l	         0.0539	         0		         0.1022	         0
d	         0.0588	         0		         0.1122	         0
s	         0.0637	         0		         0.1184	         0
e	         0.0566	         0		         0.1090	         0
a	         0.0557	         0		         0.0945	         0
a	         0.0550	         0		         0.0965	         0
n	         0.0625	         0		         0.1213	         0
y	         0.0729	         0		         0.1317	         0
w	         0.0640	         0		         0.1224	         0
l	         0.0573	         0		         0.1255	         0
p	         0.0535	         0		         0.1329	         0
v	         0.0531	         0		         0.1012	         0
D	         0.0593	         0		         0.1532	         1
i	         0.0544	         0		         0.0972	         0
y	         0.0687	         0		         0.1335	         0
i	         0.0532	         0		         0.0973	         0
g	         0.0604	         0		         0.1325	         0
G	         0.0632	         0		         0.1543	         1
i	         0.0609	         0		         0.1302	         0
e	         0.0560	         0		         0.1347	         0
H	         0.0653	         0		         0.1545	         1
a	         0.0539	         0		         0.1102	         0
i	         0.0540	         0		         0.1269	         0
m	         0.0546	         0		         0.1339	         0
H	         0.0710	         0		         0.2820	         1
l	         0.0534	         0		         0.1052	         0
l	         0.0552	         0		         0.1187	         0
Y	         0.0688	         0		         0.1852	         1
F	         0.0566	         0		         0.1536	         1
R	         0.0703	         0		         0.1829	         1
F	         0.0655	         0		         0.2176	         1
f	         0.0812	         0		         0.1441	         0
H	         0.0946	         0		         0.2037	         1
K	         0.0937	         0		         0.1783	         1
l	         0.0637	         0		         0.1228	         0
m	         0.0587	         0		         0.0888	         0
r	         0.0807	         0		         0.1430	         0
d	         0.0681	         0		         0.1240	         0
a	         0.0643	         0		         0.0927	         0
g	         0.0843	         0		         0.1177	         0
m	         0.0681	         0		         0.0913	         0
v	         0.0649	         0		         0.0851	         0
n	         0.0761	         0		         0.1134	         0
s	         0.0733	         0		         0.1112	         0
d	         0.0705	         0		         0.1246	         0
e	         0.0643	         0		         0.0894	         0
p	         0.0640	         0		         0.1059	         0
a	         0.0665	         0		         0.1145	         0
k	         0.0902	         0		         0.1347	         0
q	         0.0776	         0		         0.1277	         0
l	         0.0601	         0		         0.0827	         0
l	         0.0606	         0		         0.0861	         0
c	         0.0638	         0		         0.1026	         0
Q	         0.0751	         0		         0.1528	         1
g	         0.0652	         0		         0.1231	         0
m	         0.0645	         0		         0.1097	         0
v	         0.0612	         0		         0.0942	         0
l	         0.0616	         0		         0.0896	         0
a	         0.0643	         0		         0.0990	         0
d	         0.0641	         0		         0.1060	         0
a	         0.0687	         0		         0.0990	         0
f	         0.0696	         0		         0.1151	         0
y	         0.0826	         0		         0.1071	         0
y	         0.0690	         0		         0.0832	         0
v	         0.0627	         0		         0.0820	         0
g	         0.0671	         0		         0.0952	         0
e	         0.0677	         0		         0.0871	         0
n	         0.0728	         0		         0.0965	         0
g	         0.0823	         0		         0.0898	         0
e	         0.0875	         0		         0.0925	         0
r	         0.1129	         0		         0.0930	         0
n	         0.0780	         0		         0.0859	         0
w	         0.0827	         0		         0.1031	         0
v	         0.0741	         0		         0.0827	         0
s	         0.0938	         0		         0.1069	         0
p	         0.0758	         0		         0.0932	         0
v	         0.0707	         0		         0.0814	         0
d	         0.0695	         0		         0.0817	         0
a	         0.0654	         0		         0.0756	         0
i	         0.0676	         0		         0.0874	         0
v	         0.0663	         0		         0.0813	         0
e	         0.0694	         0		         0.0830	         0
r	         0.0824	         0		         0.0990	         0
d	         0.0832	         0		         0.1060	         0
e	         0.0727	         0		         0.0940	         0
k	         0.0812	         0		         0.1052	         0
g	         0.0825	         0		         0.1094	         0
r	         0.0868	         0		         0.1108	         0
i	         0.0731	         0		         0.0952	         0
v	         0.0667	         0		         0.0940	         0
k	         0.0670	         0		         0.0893	         0
a	         0.0645	         0		         0.0967	         0
k	         0.0630	         0		         0.0972	         0
d	         0.0673	         0		         0.1162	         0
a	         0.0651	         0		         0.1066	         0
a	         0.0717	         0		         0.1356	         0
g	         0.0702	         0		         0.1074	         0
h	         0.0698	         0		         0.0979	         0
e	         0.0689	         0		         0.0922	         0
l	         0.0638	         0		         0.0543	         0
v	         0.0753	         0		         0.0570	         0
y	         0.0727	         0		         0.0543	         0
t	         0.0770	         0		         0.0586	         0
g	         0.0911	         0		         0.0706	         0
m	         0.0898	         0		         0.0649	         0
s	         0.1124	         0		         0.0848	         0
k	         0.2841	         0		         0.1244	         0
m	         0.1288	         0		         0.1445	         0
s	         0.1911	         0		         0.1127	         0
k	         0.2805	         0		         0.1342	         0
s	         0.2384	         0		         0.1176	         0
k	         0.1233	         0		         0.0743	         0
n	         0.1231	         0		         0.0959	         0
n	         0.1820	         0		         0.1012	         0
g	         0.0922	         0		         0.0811	         0
i	         0.0704	         0		         0.0626	         0
d	         0.0920	         0		         0.0862	         0
p	         0.0654	         0		         0.0780	         0
q	         0.0628	         0		         0.0873	         0
v	         0.0623	         0		         0.0802	         0
m	         0.0570	         0		         0.0692	         0
v	         0.0580	         0		         0.0832	         0
e	         0.0655	         0		         0.1075	         0
r	         0.0733	         0		         0.1086	         0
y	         0.0778	         0		         0.1124	         0
g	         0.0694	         0		         0.1129	         0
a	         0.0620	         0		         0.0935	         0
d	         0.0684	         0		         0.1338	         0
t	         0.0635	         0		         0.0990	         0
v	         0.0605	         0		         0.0843	         0
r	         0.0997	         0		         0.1459	         0
l	         0.0615	         0		         0.0936	         0
f	         0.0627	         0		         0.1120	         0
m	         0.0622	         0		         0.0857	         0
m	         0.0632	         0		         0.0861	         0
f	         0.0744	         0		         0.1082	         0
a	         0.0660	         0		         0.0902	         0
s	         0.0661	         0		         0.0952	         0
p	         0.0706	         0		         0.1223	         0
a	         0.0664	         0		         0.1109	         0
d	         0.0712	         0		         0.1087	         0
m	         0.0704	         0		         0.0959	         0
t	         0.0684	         0		         0.1061	         0
l	         0.0630	         0		         0.0825	         0
e	         0.0696	         0		         0.0933	         0
w	         0.0690	         0		         0.0870	         0
q	         0.0831	         0		         0.0996	         0
e	         0.0673	         0		         0.0844	         0
s	         0.0762	         0		         0.0798	         0
g	         0.0777	         0		         0.0795	         0
v	         0.0691	         0		         0.0691	         0
e	         0.0894	         0		         0.0846	         0
g	         0.0997	         0		         0.0933	         0
a	         0.0811	         0		         0.0800	         0
n	         0.0871	         0		         0.1025	         0
r	         0.1340	         0		         0.1232	         0
f	         0.0789	         0		         0.0996	         0
l	         0.0688	         0		         0.0833	         0
k	         0.1145	         0		         0.1359	         0
R	         0.1041	         0		         0.1547	         1
v	         0.0652	         0		         0.0869	         0
w	         0.0612	         0		         0.1047	         0
k	         0.0808	         0		         0.1391	         0
l	         0.0595	         0		         0.1082	         0
v	         0.0596	         0		         0.0971	         0
y	         0.0695	         0		         0.1116	         0
e	         0.0683	         0		         0.1244	         0
h	         0.0695	         0		         0.1063	         0
t	         0.0658	         0		         0.0972	         0
a	         0.0695	         0		         0.1017	         0
k	         0.0808	         0		         0.1040	         0
g	         0.0779	         0		         0.1077	         0
d	         0.0728	         0		         0.1014	         0
v	         0.0679	         0		         0.0882	         0
a	         0.0705	         0		         0.0940	         0
a	         0.0705	         0		         0.0920	         0
l	         0.0646	         0		         0.0849	         0
n	         0.0681	         0		         0.0972	         0
v	         0.0693	         0		         0.0930	         0
d	         0.0691	         0		         0.0922	         0
a	         0.0688	         0		         0.0908	         0
l	         0.0659	         0		         0.0792	         0
t	         0.0709	         0		         0.0956	         0
e	         0.0680	         0		         0.0950	         0
n	         0.0672	         0		         0.0917	         0
q	         0.0705	         0		         0.1028	         0
k	         0.0908	         0		         0.1199	         0
a	         0.0740	         0		         0.1016	         0
l	         0.0652	         0		         0.0859	         0
r	         0.0698	         0		         0.1005	         0
r	         0.0921	         0		         0.1400	         0
d	         0.0734	         0		         0.1214	         0
v	         0.0590	         0		         0.0906	         0
h	         0.0745	         0		         0.1213	         0
k	         0.0742	         0		         0.1226	         0
t	         0.0593	         0		         0.1012	         0
i	         0.0615	         0		         0.0992	         0
a	         0.0675	         0		         0.1196	         0
k	         0.0792	         0		         0.1280	         0
v	         0.0566	         0		         0.0900	         0
t	         0.0629	         0		         0.1013	         0
d	         0.0644	         0		         0.1126	         0
d	         0.0634	         0		         0.1055	         0
i	         0.0639	         0		         0.1017	         0
g	         0.0682	         0		         0.0950	         0
r	         0.0771	         0		         0.0918	         0
r	         0.1017	         0		         0.1091	         0
q	         0.0838	         0		         0.1246	         0
t	         0.1059	         0		         0.1222	         0
f	         0.0688	         0		         0.0985	         0
n	         0.1007	         0		         0.1384	         0
t	         0.0776	         0		         0.0993	         0
a	         0.0624	         0		         0.0827	         0
i	         0.0614	         0		         0.0855	         0
a	         0.0718	         0		         0.0972	         0
a	         0.0610	         0		         0.0944	         0
i	         0.0571	         0		         0.0801	         0
m	         0.0638	         0		         0.1034	         0
e	         0.0657	         0		         0.1118	         0
l	         0.0579	         0		         0.0892	         0
m	         0.0589	         0		         0.0890	         0
n	         0.0684	         0		         0.1191	         0
k	         0.0645	         0		         0.1011	         0
l	         0.0586	         0		         0.0878	         0
a	         0.0782	         0		         0.1092	         0
k	         0.0904	         0		         0.1217	         0
a	         0.0685	         0		         0.1045	         0
p	         0.0700	         0		         0.0893	         0
t	         0.0735	         0		         0.0879	         0
d	         0.0752	         0		         0.0930	         0
g	         0.0755	         0		         0.0892	         0
e	         0.0727	         0		         0.0857	         0
q	         0.0711	         0		         0.0882	         0
d	         0.0687	         0		         0.0964	         0
r	         0.0755	         0		         0.1015	         0
a	         0.0689	         0		         0.1053	         0
l	         0.0662	         0		         0.0963	         0
m	         0.0625	         0		         0.0828	         0
q	         0.0655	         0		         0.1012	         0
e	         0.0658	         0		         0.1009	         0
a	         0.0633	         0		         0.0904	         0
l	         0.0622	         0		         0.0842	         0
l	         0.0668	         0		         0.1085	         0
a	         0.0658	         0		         0.1095	         0
v	         0.0645	         0		         0.1136	         0
v	         0.0660	         0		         0.1132	         0
r	         0.0741	         0		         0.1373	         0
m	         0.0642	         0		         0.1086	         0
l	         0.0624	         0		         0.0971	         0
N	         0.0716	         0		         0.1744	         1
P	         0.0692	         0		         0.2395	         1
F	         0.0652	         0		         0.1608	         1
t	         0.0586	         0		         0.1488	         0
P	         0.0683	         0		         0.2378	         1
H	         0.0890	         0		         0.2717	         1
i	         0.0666	         0		         0.1268	         0
c	         0.0696	         0		         0.1320	         0
f	         0.0659	         0		         0.1138	         0
t	         0.0634	         0		         0.1121	         0
l	         0.0582	         0		         0.0867	         0
w	         0.0653	         0		         0.1074	         0
q	         0.0704	         0		         0.1196	         0
e	         0.0660	         0		         0.1122	         0
l	         0.0586	         0		         0.0885	         0
k	         0.0715	         0		         0.1125	         0
g	         0.0619	         0		         0.1058	         0
e	         0.0613	         0		         0.1028	         0
g	         0.0639	         0		         0.1031	         0
d	         0.0688	         0		         0.1210	         0
i	         0.0598	         0		         0.0889	         0
d	         0.0655	         0		         0.1174	         0
n	         0.0654	         0		         0.1162	         0
a	         0.0679	         0		         0.1007	         0
p	         0.0750	         0		         0.1274	         0
w	         0.0769	         0		         0.1153	         0
p	         0.0630	         0		         0.1146	         0
v	         0.0655	         0		         0.1081	         0
a	         0.0615	         0		         0.1037	         0
d	         0.0639	         0		         0.1171	         0
e	         0.0623	         0		         0.1069	         0
k	         0.0659	         0		         0.1017	         0
a	         0.0605	         0		         0.0941	         0
m	         0.0597	         0		         0.0943	         0
v	         0.0629	         0		         0.0955	         0
e	         0.0633	         0		         0.0955	         0
d	         0.0633	         0		         0.0848	         0
s	         0.0650	         0		         0.0797	         0
t	         0.0643	         0		         0.0830	         0
l	         0.0677	         0		         0.0838	         0
v	         0.0658	         0		         0.0727	         0
v	         0.0688	         0		         0.0742	         0
v	         0.0723	         0		         0.0722	         0
q	         0.0975	         0		         0.0975	         0
v	         0.0678	         0		         0.0691	         0
n	         0.0834	         0		         0.0970	         0
g	         0.0919	         0		         0.1106	         0
k	         0.1227	         0		         0.1240	         0
v	         0.0730	         0		         0.0868	         0
r	         0.1489	         0		         0.1333	         0
a	         0.0778	         0		         0.0959	         0
k	         0.0883	         0		         0.1216	         0
i	         0.0652	         0		         0.0913	         0
t	         0.0747	         0		         0.1053	         0
v	         0.0655	         0		         0.0771	         0
p	         0.0711	         0		         0.0935	         0
v	         0.0713	         0		         0.0779	         0
d	         0.0714	         0		         0.0973	         0
a	         0.0670	         0		         0.0849	         0
t	         0.0734	         0		         0.1064	         0
e	         0.0671	         0		         0.0907	         0
e	         0.0659	         0		         0.0948	         0
q	         0.0664	         0		         0.0977	         0
v	         0.0635	         0		         0.0848	         0
r	         0.0702	         0		         0.0952	         0
e	         0.0730	         0		         0.1105	         0
r	         0.0710	         0		         0.0950	         0
a	         0.0642	         0		         0.0941	         0
g	         0.0668	         0		         0.0960	         0
q	         0.0724	         0		         0.0982	         0
e	         0.0720	         0		         0.1042	         0
h	         0.0725	         0		         0.1046	         0
l	         0.0681	         0		         0.1000	         0
v	         0.0635	         0		         0.0917	         0
a	         0.0595	         0		         0.1043	         0
K	         0.0853	         0		         0.1675	         1
y	         0.0799	         0		         0.1302	         0
l	         0.0579	         0		         0.0760	         0
d	         0.0669	         0		         0.1247	         0
g	         0.0743	         0		         0.1423	         0
V	         0.0844	         0		         0.1514	         1
t	         0.0821	         0		         0.1345	         0
v	         0.0615	         0		         0.0858	         0
R	         0.1040	         0		         0.1531	         1
K	         0.1215	         0		         0.2096	         1
v	         0.0635	         0		         0.1001	         0
i	         0.0608	         0		         0.0908	         0
y	         0.0714	         0		         0.1331	         0
v	         0.0525	         0		         0.0975	         0
p	         0.0539	         0		         0.1482	         0
G	         0.0628	         0		         0.1651	         1
K	         0.0794	         0		         0.2221	         1
l	         0.0504	         0		         0.0964	         0
l	         0.0486	         0		         0.1046	         0
N	         0.0819	         0		         0.2033	         1
l	         0.0499	         0		         0.1231	         0
v	         0.0476	         0		         0.1139	         0
v	         0.0498	         0		         0.1294	         0
g	         0.0596	         0		         0.1392	         0
