M	         0.0644	         0		         0.1579	         1
a	         0.0613	         0		         0.1342	         0
P	         0.0780	         0		         0.2198	         1
K	         0.0900	         0		         0.1962	         1
A	         0.0765	         0		         0.1661	         1
K	         0.1295	         0		         0.1591	         1
i	         0.0598	         0		         0.0694	         0
v	         0.0751	         0		         0.0808	         0
l	         0.0616	         0		         0.0624	         0
v	         0.0708	         0		         0.0612	         0
g	         0.1302	         0		         0.0911	         0
s	         0.1054	         0		         0.0713	         0
g	         0.2407	         0		         0.1159	         0
m	         0.3347	         0		         0.1041	         0
i	         0.1274	         0		         0.0676	         0
g	         0.2081	         0		         0.0984	         0
g	         0.2273	         0		         0.0941	         0
v	         0.1697	         0		         0.0772	         0
m	         0.0860	         0		         0.0624	         0
a	         0.0933	         0		         0.0595	         0
t	         0.1070	         0		         0.0629	         0
l	         0.0706	         0		         0.0634	         0
i	         0.0752	         0		         0.0633	         0
v	         0.0896	         0		         0.0674	         0
q	         0.1278	         0		         0.0984	         0
k	         0.1568	         0		         0.1161	         0
n	         0.0910	         0		         0.0881	         0
l	         0.0741	         0		         0.0719	         0
g	         0.1015	         0		         0.0917	         0
d	         0.0836	         0		         0.0851	         0
v	         0.0693	         0		         0.0744	         0
v	         0.0728	         0		         0.0807	         0
l	         0.0646	         0		         0.0683	         0
f	         0.0738	         0		         0.0914	         0
d	         0.0930	         0		         0.1133	         0
i	         0.0825	         0		         0.0808	         0
v	         0.1087	         0		         0.0983	         0
k	         0.1323	         0		         0.1045	         0
n	         0.1143	         0		         0.1055	         0
m	         0.0991	         0		         0.0955	         0
p	         0.0879	         0		         0.0942	         0
h	         0.1335	         0		         0.1224	         0
g	         0.1140	         0		         0.0973	         0
k	         0.1051	         0		         0.0886	         0
a	         0.0928	         0		         0.0802	         0
l	         0.1068	         0		         0.0872	         0
d	         0.1212	         0		         0.0969	         0
t	         0.0765	         0		         0.0673	         0
s	         0.1229	         0		         0.0756	         0
h	         0.1871	         0		         0.0869	         0
t	         0.1200	         0		         0.0738	         0
n	         0.1260	         0		         0.0712	         0
v	         0.1357	         0		         0.0612	         0
m	         0.1069	         0		         0.0584	         0
a	         0.1091	         0		         0.0596	         0
y	         0.2295	         0		         0.0745	         0
s	         0.1216	         0		         0.0779	         0
n	         0.1589	         0		         0.0900	         0
c	         0.1005	         0		         0.0653	         0
k	         0.3249	         0		         0.0878	         0
v	         0.1597	         0		         0.0582	         0
s	         0.2971	         0		         0.0729	         0
g	         0.2109	         0		         0.0655	         0
s	         0.2163	         0		         0.0666	         0
n	         0.1923	         0		         0.0642	         0
t	         0.1831	         0		         0.0687	         0
y	         0.1945	         0		         0.0643	         0
d	         0.1191	         0		         0.0636	         0
d	         0.0892	         0		         0.0599	         0
l	         0.0740	         0		         0.0630	         0
a	         0.0991	         0		         0.0753	         0
g	         0.1017	         0		         0.0843	         0
a	         0.0820	         0		         0.0716	         0
d	         0.0952	         0		         0.0951	         0
v	         0.0806	         0		         0.0789	         0
v	         0.0763	         0		         0.0723	         0
i	         0.0785	         0		         0.0608	         0
v	         0.0783	         0		         0.0515	         0
t	         0.1297	         0		         0.0614	         0
a	         0.0997	         0		         0.0564	         0
g	         0.1290	         0		         0.0702	         0
f	         0.1276	         0		         0.0614	         0
t	         0.1748	         0		         0.0723	         0
k	         0.2793	         0		         0.0798	         0
a	         0.3344	         0		         0.0936	         0
p	         0.1572	         0		         0.0808	         0
g	         0.1769	         0		         0.0878	         0
k	         0.1562	         0		         0.0759	         0
s	         0.1714	         0		         0.0666	         0
d	         0.1450	         0		         0.0661	         0
k	         0.1780	         0		         0.0675	         0
e	         0.0804	         0		         0.0477	         0
w	         0.1050	         0		         0.0701	         0
n	         0.0951	         0		         0.0754	         0
r	         0.1733	         0		         0.0997	         0
d	         0.0840	         0		         0.0862	         0
d	         0.0847	         0		         0.0905	         0
l	         0.0730	         0		         0.0708	         0
l	         0.0732	         0		         0.0717	         0
p	         0.0926	         0		         0.0938	         0
l	         0.0891	         0		         0.0912	         0
n	         0.1208	         0		         0.1061	         0
n	         0.0701	         0		         0.0787	         0
k	         0.0972	         0		         0.1046	         0
i	         0.0679	         0		         0.0657	         0
m	         0.0823	         0		         0.0768	         0
i	         0.1580	         0		         0.0927	         0
e	         0.1294	         0		         0.1031	         0
i	         0.0805	         0		         0.0706	         0
g	         0.0825	         0		         0.0806	         0
g	         0.1365	         0		         0.1165	         0
h	         0.1948	         0		         0.1096	         0
i	         0.0900	         0		         0.0827	         0
k	         0.2431	         0		         0.1413	         0
K	         0.2338	         0		         0.1545	         1
N	         0.1232	         0		         0.1637	         1
c	         0.0928	         0		         0.1310	         0
P	         0.0895	         0		         0.1570	         1
N	         0.1102	         0		         0.1586	         1
a	         0.0655	         0		         0.0910	         0
f	         0.0609	         0		         0.0959	         0
i	         0.0572	         0		         0.0847	         0
i	         0.0606	         0		         0.0895	         0
v	         0.0663	         0		         0.1065	         0
v	         0.0602	         0		         0.0895	         0
t	         0.0892	         0		         0.1343	         0
n	         0.1135	         0		         0.1453	         0
p	         0.0687	         0		         0.1343	         0
v	         0.0636	         0		         0.1008	         0
d	         0.0806	         0		         0.1310	         0
v	         0.0633	         0		         0.0856	         0
m	         0.0597	         0		         0.0834	         0
v	         0.0693	         0		         0.0910	         0
q	         0.0789	         0		         0.1024	         0
l	         0.0598	         0		         0.0722	         0
l	         0.0646	         0		         0.0755	         0
h	         0.1343	         0		         0.1055	         0
q	         0.1250	         0		         0.1198	         0
h	         0.0932	         0		         0.0750	         0
s	         0.1450	         0		         0.1066	         0
g	         0.1844	         0		         0.1132	         0
v	         0.0909	         0		         0.0751	         0
p	         0.1143	         0		         0.0954	         0
k	         0.2125	         0		         0.0913	         0
n	         0.2073	         0		         0.0961	         0
k	         0.3005	         0		         0.1128	         0
i	         0.0977	         0		         0.0690	         0
i	         0.1121	         0		         0.0694	         0
g	         0.2106	         0		         0.0924	         0
l	         0.1333	         0		         0.0749	         0
g	         0.1262	         0		         0.0788	         0
g	         0.2091	         0		         0.0826	         0
v	         0.1838	         0		         0.0743	         0
l	         0.0815	         0		         0.0509	         0
d	         0.1334	         0		         0.0822	         0
t	         0.3103	         0		         0.1027	         0
s	         0.1367	         0		         0.0718	         0
r	         0.3242	         0		         0.1049	         0
l	         0.1012	         0		         0.0641	         0
k	         0.2586	         0		         0.0823	         0
y	         0.2799	         0		         0.0866	         0
y	         0.1224	         0		         0.0676	         0
i	         0.0689	         0		         0.0504	         0
s	         0.0997	         0		         0.0644	         0
q	         0.1105	         0		         0.0690	         0
k	         0.1469	         0		         0.0803	         0
l	         0.0812	         0		         0.0624	         0
n	         0.1636	         0		         0.1021	         0
v	         0.0885	         0		         0.0757	         0
c	         0.1290	         0		         0.1011	         0
p	         0.1073	         0		         0.0821	         0
r	         0.2347	         0		         0.0965	         0
d	         0.1348	         0		         0.1010	         0
v	         0.0811	         0		         0.0777	         0
n	         0.1680	         0		         0.0983	         0
a	         0.1296	         0		         0.0638	         0
h	         0.1826	         0		         0.0769	         0
i	         0.0878	         0		         0.0571	         0
v	         0.0938	         0		         0.0534	         0
g	         0.2073	         0		         0.0872	         0
a	         0.1318	         0		         0.0721	         0
h	         0.3364	         0		         0.1208	         0
g	         0.2406	         0		         0.0869	         0
n	         0.1547	         0		         0.0816	         0
k	         0.2762	         0		         0.0988	         0
m	         0.1392	         0		         0.0920	         0
v	         0.1066	         0		         0.0936	         0
l	         0.0904	         0		         0.0795	         0
l	         0.0700	         0		         0.0611	         0
k	         0.1490	         0		         0.0888	         0
r	         0.2623	         0		         0.1128	         0
y	         0.2394	         0		         0.0888	         0
i	         0.1117	         0		         0.0670	         0
t	         0.2663	         0		         0.1025	         0
v	         0.1058	         0		         0.0663	         0
g	         0.1411	         0		         0.0821	         0
g	         0.1522	         0		         0.0854	         0
i	         0.1124	         0		         0.0708	         0
p	         0.1259	         0		         0.0937	         0
l	         0.0810	         0		         0.0617	         0
q	         0.0926	         0		         0.0777	         0
e	         0.0954	         0		         0.0942	         0
f	         0.0898	         0		         0.0855	         0
i	         0.0754	         0		         0.0687	         0
n	         0.0988	         0		         0.0802	         0
n	         0.1047	         0		         0.0800	         0
k	         0.1583	         0		         0.0889	         0
l	         0.0888	         0		         0.0678	         0
i	         0.0805	         0		         0.0715	         0
s	         0.0948	         0		         0.0858	         0
d	         0.0762	         0		         0.0794	         0
a	         0.0709	         0		         0.0727	         0
e	         0.0781	         0		         0.0769	         0
l	         0.0723	         0		         0.0713	         0
e	         0.0724	         0		         0.0763	         0
a	         0.0727	         0		         0.0788	         0
i	         0.0675	         0		         0.0652	         0
f	         0.0758	         0		         0.0699	         0
d	         0.0952	         0		         0.0798	         0
r	         0.1685	         0		         0.0867	         0
t	         0.0974	         0		         0.0734	         0
v	         0.1400	         0		         0.0826	         0
n	         0.1256	         0		         0.0845	         0
t	         0.1209	         0		         0.0803	         0
a	         0.1006	         0		         0.0742	         0
l	         0.1185	         0		         0.0819	         0
e	         0.0931	         0		         0.0822	         0
i	         0.0684	         0		         0.0773	         0
v	         0.0640	         0		         0.0797	         0
n	         0.0775	         0		         0.1019	         0
l	         0.0761	         0		         0.0925	         0
h	         0.1323	         0		         0.1241	         0
a	         0.0957	         0		         0.0988	         0
s	         0.1152	         0		         0.1193	         0
p	         0.1128	         0		         0.1110	         0
y	         0.1367	         0		         0.1172	         0
v	         0.0982	         0		         0.0983	         0
a	         0.1085	         0		         0.0935	         0
p	         0.0748	         0		         0.0903	         0
a	         0.0706	         0		         0.0803	         0
a	         0.0711	         0		         0.0824	         0
a	         0.0673	         0		         0.0863	         0
i	         0.0619	         0		         0.0790	         0
i	         0.0627	         0		         0.0895	         0
e	         0.0830	         0		         0.1235	         0
m	         0.0609	         0		         0.0950	         0
a	         0.0578	         0		         0.0904	         0
e	         0.0683	         0		         0.1127	         0
s	         0.0697	         0		         0.1116	         0
y	         0.0637	         0		         0.0946	         0
l	         0.0586	         0		         0.0907	         0
K	         0.0942	         0		         0.1564	         1
D	         0.0756	         0		         0.1819	         1
l	         0.0663	         0		         0.1204	         0
K	         0.0850	         0		         0.1553	         1
k	         0.0924	         0		         0.1476	         0
v	         0.0673	         0		         0.1115	         0
l	         0.0678	         0		         0.0993	         0
i	         0.0887	         0		         0.1178	         0
c	         0.0624	         0		         0.0955	         0
s	         0.0883	         0		         0.1132	         0
t	         0.0703	         0		         0.0964	         0
l	         0.0703	         0		         0.0785	         0
l	         0.0753	         0		         0.0775	         0
e	         0.1416	         0		         0.0991	         0
g	         0.1165	         0		         0.0979	         0
q	         0.0930	         0		         0.0903	         0
y	         0.1450	         0		         0.1087	         0
g	         0.1138	         0		         0.0865	         0
h	         0.0862	         0		         0.0690	         0
s	         0.1262	         0		         0.0880	         0
d	         0.1151	         0		         0.0901	         0
i	         0.0923	         0		         0.0721	         0
f	         0.1363	         0		         0.0957	         0
g	         0.1092	         0		         0.0751	         0
g	         0.2230	         0		         0.0938	         0
t	         0.0948	         0		         0.0734	         0
p	         0.1562	         0		         0.1056	         0
v	         0.1234	         0		         0.0828	         0
v	         0.1608	         0		         0.0762	         0
l	         0.1026	         0		         0.0610	         0
g	         0.1956	         0		         0.0850	         0
a	         0.1668	         0		         0.0725	         0
n	         0.1778	         0		         0.0863	         0
g	         0.1604	         0		         0.0864	         0
v	         0.1020	         0		         0.0673	         0
e	         0.1021	         0		         0.0717	         0
q	         0.1006	         0		         0.0734	         0
v	         0.0844	         0		         0.0633	         0
i	         0.0751	         0		         0.0641	         0
e	         0.0918	         0		         0.0746	         0
l	         0.0877	         0		         0.0687	         0
q	         0.1010	         0		         0.0806	         0
l	         0.0755	         0		         0.0628	         0
n	         0.1411	         0		         0.0838	         0
s	         0.0907	         0		         0.0718	         0
e	         0.0945	         0		         0.0722	         0
e	         0.0823	         0		         0.0646	         0
k	         0.1596	         0		         0.0786	         0
a	         0.0973	         0		         0.0717	         0
k	         0.1125	         0		         0.0751	         0
f	         0.0787	         0		         0.0669	         0
d	         0.1117	         0		         0.0811	         0
e	         0.1022	         0		         0.0747	         0
a	         0.1174	         0		         0.0748	         0
i	         0.0865	         0		         0.0653	         0
a	         0.1176	         0		         0.0759	         0
e	         0.1033	         0		         0.0754	         0
t	         0.0868	         0		         0.0684	         0
k	         0.1788	         0		         0.0969	         0
r	         0.1354	         0		         0.0802	         0
m	         0.1004	         0		         0.0792	         0
k	         0.1039	         0		         0.0802	         0
a	         0.1062	         0		         0.0981	         0
l	         0.1052	         0		         0.0944	         0
a	         0.0772	         0		         0.0588	         0
