m	         0.1072	         0		         0.0932	         0
t	         0.1516	         0		         0.0791	         0
n	         0.1622	         0		         0.0844	         0
k	         0.1778	         0		         0.1017	         0
d	         0.0958	         0		         0.0789	         0
n	         0.1074	         0		         0.0835	         0
p	         0.0900	         0		         0.0813	         0
k	         0.1488	         0		         0.0984	         0
f	         0.0859	         0		         0.0767	         0
h	         0.1386	         0		         0.0994	         0
t	         0.1157	         0		         0.0817	         0
i	         0.0859	         0		         0.0698	         0
s	         0.1164	         0		         0.0787	         0
t	         0.1058	         0		         0.0749	         0
e	         0.1011	         0		         0.0732	         0
y	         0.1343	         0		         0.0807	         0
i	         0.0818	         0		         0.0684	         0
d	         0.0938	         0		         0.0782	         0
y	         0.1039	         0		         0.0831	         0
l	         0.0759	         0		         0.0679	         0
r	         0.1266	         0		         0.0901	         0
e	         0.1016	         0		         0.0871	         0
a	         0.0824	         0		         0.0773	         0
d	         0.0854	         0		         0.0847	         0
s	         0.1032	         0		         0.0891	         0
k	         0.1272	         0		         0.0836	         0
v	         0.0844	         0		         0.0767	         0
p	         0.0898	         0		         0.0779	         0
f	         0.1000	         0		         0.0799	         0
n	         0.1112	         0		         0.0617	         0
k	         0.1155	         0		         0.0619	         0
d	         0.0939	         0		         0.0630	         0
e	         0.0881	         0		         0.0600	         0
q	         0.1083	         0		         0.0674	         0
h	         0.1353	         0		         0.0671	         0
s	         0.1056	         0		         0.0680	         0
r	         0.2552	         0		         0.0779	         0
p	         0.1092	         0		         0.0712	         0
y	         0.1502	         0		         0.0764	         0
v	         0.0779	         0		         0.0553	         0
g	         0.0915	         0		         0.0662	         0
v	         0.0735	         0		         0.0544	         0
l	         0.0730	         0		         0.0543	         0
e	         0.0767	         0		         0.0559	         0
k	         0.1393	         0		         0.0822	         0
i	         0.0820	         0		         0.0670	         0
n	         0.1080	         0		         0.0812	         0
g	         0.1095	         0		         0.0794	         0
h	         0.1371	         0		         0.0846	         0
d	         0.1357	         0		         0.0887	         0
y	         0.1753	         0		         0.0791	         0
f	         0.0885	         0		         0.0659	         0
v	         0.0819	         0		         0.0583	         0
p	         0.0863	         0		         0.0722	         0
l	         0.0768	         0		         0.0572	         0
t	         0.1665	         0		         0.0754	         0
s	         0.1594	         0		         0.0619	         0
r	         0.2448	         0		         0.0755	         0
n	         0.1565	         0		         0.0754	         0
d	         0.1621	         0		         0.0677	         0
k	         0.2549	         0		         0.0743	         0
n	         0.1436	         0		         0.0674	         0
f	         0.1830	         0		         0.0679	         0
n	         0.1477	         0		         0.0653	         0
s	         0.1637	         0		         0.0651	         0
q	         0.1068	         0		         0.0600	         0
v	         0.0993	         0		         0.0603	         0
s	         0.1015	         0		         0.0638	         0
v	         0.0872	         0		         0.0631	         0
k	         0.1755	         0		         0.0773	         0
l	         0.0826	         0		         0.0616	         0
f	         0.0846	         0		         0.0658	         0
d	         0.0844	         0		         0.0640	         0
n	         0.0960	         0		         0.0711	         0
d	         0.0969	         0		         0.0719	         0
e	         0.1116	         0		         0.0721	         0
k	         0.1280	         0		         0.0723	         0
r	         0.0968	         0		         0.0773	         0
i	         0.0757	         0		         0.0679	         0
g	         0.0897	         0		         0.0758	         0
v	         0.0832	         0		         0.0721	         0
l	         0.0769	         0		         0.0665	         0
l	         0.1059	         0		         0.0751	         0
v	         0.0809	         0		         0.0679	         0
n	         0.1146	         0		         0.0804	         0
n	         0.1485	         0		         0.0880	         0
m	         0.1365	         0		         0.0985	         0
i	         0.0868	         0		         0.0707	         0
p	         0.0958	         0		         0.0823	         0
v	         0.0822	         0		         0.0704	         0
p	         0.0817	         0		         0.0745	         0
e	         0.0917	         0		         0.0782	         0
k	         0.1238	         0		         0.0813	         0
e	         0.0807	         0		         0.0754	         0
c	         0.0779	         0		         0.0737	         0
k	         0.0927	         0		         0.0802	         0
e	         0.0782	         0		         0.0740	         0
i	         0.0752	         0		         0.0703	         0
d	         0.0798	         0		         0.0793	         0
i	         0.0766	         0		         0.0695	         0
a	         0.0804	         0		         0.0737	         0
e	         0.0872	         0		         0.0761	         0
k	         0.1102	         0		         0.0700	         0
t	         0.0903	         0		         0.0687	         0
a	         0.0812	         0		         0.0637	         0
a	         0.0960	         0		         0.0701	         0
d	         0.1001	         0		         0.0721	         0
p	         0.1084	         0		         0.0710	         0
q	         0.1310	         0		         0.0791	         0
y	         0.1744	         0		         0.0763	         0
g	         0.1208	         0		         0.0773	         0
n	         0.1110	         0		         0.0772	         0
l	         0.0774	         0		         0.0641	         0
m	         0.0779	         0		         0.0649	         0
l	         0.1014	         0		         0.0709	         0
k	         0.1230	         0		         0.0772	         0
q	         0.0864	         0		         0.0725	         0
y	         0.0924	         0		         0.0787	         0
l	         0.0938	         0		         0.0823	         0
f	         0.0893	         0		         0.0734	         0
l	         0.0773	         0		         0.0626	         0
k	         0.1159	         0		         0.0719	         0
e	         0.0950	         0		         0.0700	         0
n	         0.1084	         0		         0.0724	         0
m	         0.1175	         0		         0.0690	         0
d	         0.1178	         0		         0.0698	         0
r	         0.1791	         0		         0.0710	         0
v	         0.0893	         0		         0.0615	         0
t	         0.0998	         0		         0.0666	         0
n	         0.1266	         0		         0.0743	         0
k	         0.1718	         0		         0.0748	         0
v	         0.0832	         0		         0.0621	         0
e	         0.1011	         0		         0.0677	         0
k	         0.1291	         0		         0.0726	         0
v	         0.0794	         0		         0.0628	         0
y	         0.1242	         0		         0.0680	         0
k	         0.1413	         0		         0.0680	         0
d	         0.1144	         0		         0.0673	         0
v	         0.1057	         0		         0.0628	         0
t	         0.1019	         0		         0.0610	         0
v	         0.1184	         0		         0.0608	         0
q	         0.1533	         0		         0.0662	         0
g	         0.1978	         0		         0.0708	         0
k	         0.2183	         0		         0.0721	         0
p	         0.1623	         0		         0.0709	         0
s	         0.1770	         0		         0.0750	         0
h	         0.1874	         0		         0.0660	         0
k	         0.1837	         0		         0.0646	         0
q	         0.1239	         0		         0.0657	         0
k	         0.1388	         0		         0.0671	         0
f	         0.0951	         0		         0.0654	         0
l	         0.0959	         0		         0.0684	         0
k	         0.1394	         0		         0.0757	         0
g	         0.1174	         0		         0.0745	         0
v	         0.1008	         0		         0.0700	         0
c	         0.0841	         0		         0.0873	         0
c	         0.0809	         0		         0.0849	         0
d	         0.1034	         0		         0.0872	         0
f	         0.0840	         0		         0.0810	         0
p	         0.0880	         0		         0.0815	         0
k	         0.0811	         0		         0.0779	         0
l	         0.0728	         0		         0.0724	         0
e	         0.0760	         0		         0.0757	         0
e	         0.0830	         0		         0.0824	         0
k	         0.0860	         0		         0.0808	         0
c	         0.0774	         0		         0.0827	         0
q	         0.0852	         0		         0.0809	         0
e	         0.0873	         0		         0.0837	         0
y	         0.1176	         0		         0.0843	         0
k	         0.1164	         0		         0.0801	         0
e	         0.1074	         0		         0.0720	         0
r	         0.1010	         0		         0.0710	         0
d	         0.0866	         0		         0.0710	         0
q	         0.1095	         0		         0.0807	         0
a	         0.0887	         0		         0.0646	         0
k	         0.1459	         0		         0.0792	         0
e	         0.0905	         0		         0.0648	         0
r	         0.1840	         0		         0.0869	         0
d	         0.0940	         0		         0.0711	         0
k	         0.2020	         0		         0.0834	         0
a	         0.0973	         0		         0.0604	         0
r	         0.2306	         0		         0.0764	         0
r	         0.1963	         0		         0.0697	         0
i	         0.0798	         0		         0.0565	         0
a	         0.0860	         0		         0.0525	         0
y	         0.1709	         0		         0.0657	         0
m	         0.1330	         0		         0.0708	         0
r	         0.2298	         0		         0.0665	         0
q	         0.1698	         0		         0.0641	         0
m	         0.1482	         0		         0.0751	         0
g	         0.1329	         0		         0.0632	         0
r	         0.2760	         0		         0.0696	         0
e	         0.0933	         0		         0.0537	         0
r	         0.2113	         0		         0.0695	         0
