g	         0.1097	         0		         0.0654	         0
s	         0.1664	         0		         0.0776	         0
h	         0.1777	         0		         0.0687	         0
m	         0.1047	         0		         0.0769	         0
e	         0.1054	         0		         0.0694	         0
k	         0.1509	         0		         0.0789	         0
n	         0.1229	         0		         0.0724	         0
p	         0.0947	         0		         0.0683	         0
p	         0.0917	         0		         0.0613	         0
d	         0.1428	         0		         0.0658	         0
d	         0.1267	         0		         0.0631	         0
t	         0.1104	         0		         0.0575	         0
g	         0.1207	         0		         0.0570	         0
p	         0.1200	         0		         0.0497	         0
v	         0.0941	         0		         0.0483	         0
h	         0.2402	         0		         0.0528	         0
v	         0.1092	         0		         0.0510	         0
p	         0.1119	         0		         0.0544	         0
l	         0.1405	         0		         0.0527	         0
g	         0.1763	         0		         0.0356	         0
h	         0.3242	         0		         0.0392	         0
i	         0.1042	         0		         0.0323	         0
v	         0.1115	         0		         0.0328	         0
a	         0.1311	         0		         0.0329	         0
n	         0.2227	         0		         0.0341	         0
e	         0.1493	         0		         0.0321	         0
K	         0.6343	         1		         0.0346	         0
w	         0.2679	         0		         0.0319	         0
R	         0.5208	         1		         0.0337	         0
g	         0.2815	         0		         0.0329	         0
s	         0.4525	         0		         0.0340	         0
q	         0.2267	         0		         0.0330	         0
l	         0.1082	         0		         0.0314	         0
a	         0.1223	         0		         0.0316	         0
e	         0.2120	         0		         0.0396	         0
e	         0.1298	         0		         0.0381	         0
m	         0.0878	         0		         0.0403	         0
q	         0.1773	         0		         0.0440	         0
g	         0.1547	         0		         0.0616	         0
k	         0.1262	         0		         0.0586	         0
i	         0.1010	         0		         0.0591	         0
k	         0.1345	         0		         0.0607	         0
l	         0.0902	         0		         0.0625	         0
i	         0.0958	         0		         0.0634	         0
f	         0.0866	         0		         0.0627	         0
e	         0.1059	         0		         0.0671	         0
d	         0.1193	         0		         0.0708	         0
g	         0.1548	         0		         0.0717	         0
l	         0.0844	         0		         0.0611	         0
t	         0.1087	         0		         0.0652	         0
p	         0.0880	         0		         0.0575	         0
d	         0.1223	         0		         0.0659	         0
f	         0.1507	         0		         0.0654	         0
y	         0.1361	         0		         0.0611	         0
l	         0.0958	         0		         0.0598	         0
s	         0.1814	         0		         0.0548	         0
n	         0.1469	         0		         0.0551	         0
r	         0.2150	         0		         0.0558	         0
c	         0.1170	         0		         0.0528	         0
c	         0.0974	         0		         0.0504	         0
i	         0.1013	         0		         0.0503	         0
l	         0.0968	         0		         0.0484	         0
y	         0.3202	         0		         0.0558	         0
v	         0.1726	         0		         0.0525	         0
t	         0.1866	         0		         0.0414	         0
e	         0.1009	         0		         0.0382	         0
a	         0.1600	         0		         0.0397	         0
d	         0.1794	         0		         0.0418	         0
l	         0.1368	         0		         0.0401	         0
v	         0.1328	         0		         0.0384	         0
a	         0.2943	         0		         0.0403	         0
G	         0.5091	         1		         0.0435	         0
n	         0.1384	         0		         0.0383	         0
g	         0.1629	         0		         0.0379	         0
y	         0.3165	         0		         0.0403	         0
r	         0.3319	         0		         0.0408	         0
K	         0.5178	         1		         0.0444	         0
R	         0.5176	         1		         0.0458	         0
l	         0.1019	         0		         0.0368	         0
v	         0.1780	         0		         0.0401	         0
R	         0.5175	         1		         0.0456	         0
v	         0.1403	         0		         0.0381	         0
R	         0.5203	         1		         0.0447	         0
n	         0.2422	         0		         0.0409	         0
s	         0.1862	         0		         0.0403	         0
n	         0.2733	         0		         0.0435	         0
n	         0.2606	         0		         0.0419	         0
l	         0.2227	         0		         0.0402	         0
K	         0.5310	         1		         0.0439	         0
g	         0.1757	         0		         0.0401	         0
i	         0.1040	         0		         0.0371	         0
v	         0.0879	         0		         0.0365	         0
v	         0.0963	         0		         0.0362	         0
v	         0.1014	         0		         0.0365	         0
e	         0.1028	         0		         0.0373	         0
k	         0.2527	         0		         0.0403	         0
t	         0.1615	         0		         0.0566	         0
r	         0.2041	         0		         0.0561	         0
m	         0.1212	         0		         0.0542	         0
s	         0.2577	         0		         0.0589	         0
e	         0.1412	         0		         0.0570	         0
q	         0.1479	         0		         0.0593	         0
y	         0.1104	         0		         0.0548	         0
f	         0.1067	         0		         0.0549	         0
p	         0.1224	         0		         0.0576	         0
a	         0.1105	         0		         0.0568	         0
l	         0.0973	         0		         0.0544	         0
q	         0.1372	         0		         0.0709	         0
k	         0.1525	         0		         0.0715	         0
f	         0.1449	         0		         0.0705	         0
t	         0.0876	         0		         0.0666	         0
v	         0.1183	         0		         0.0686	         0
l	         0.0892	         0		         0.0673	         0
d	         0.1141	         0		         0.0673	         0
l	         0.1041	         0		         0.0655	         0
g	         0.1247	         0		         0.0685	         0
m	         0.0924	         0		         0.0626	         0
v	         0.1248	         0		         0.0649	         0
l	         0.0908	         0		         0.0610	         0
l	         0.0959	         0		         0.0607	         0
p	         0.1825	         0		         0.0689	         0
v	         0.1677	         0		         0.0635	         0
a	         0.1615	         0		         0.0631	         0
s	         0.2008	         0		         0.0663	         0
q	         0.1969	         0		         0.0652	         0
m	         0.1875	         0		         0.0630	         0
e	         0.1450	         0		         0.0643	         0
a	         0.1442	         0		         0.0643	         0
s	         0.0902	         0		         0.0615	         0
c	         0.1114	         0		         0.0643	         0
l	         0.0864	         0		         0.0616	         0
v	         0.0814	         0		         0.0607	         0
i	         0.1036	         0		         0.0643	         0
q	         0.0951	         0		         0.0607	         0
l	         0.0861	         0		         0.0587	         0
v	         0.0934	         0		         0.0531	         0
q	         0.1398	         0		         0.0564	         0
e	         0.1290	         0		         0.0553	         0
q	         0.0952	         0		         0.0532	         0
t	         0.1683	         0		         0.0551	         0
k	         0.2154	         0		         0.0557	         0
e	         0.1536	         0		         0.0547	         0
p	         0.2656	         0		         0.0579	         0
s	         0.1838	         0		         0.0572	         0
k	         0.1483	         0		         0.0558	         0
n	         0.1249	         0		         0.0547	         0
p	         0.1881	         0		         0.0587	         0
l	         0.1542	         0		         0.0574	         0
l	         0.2294	         0		         0.0608	         0
g	         0.2215	         0		         0.0592	         0
k	         0.2448	         0		         0.0628	         0
k	         0.1587	         0		         0.0594	         0
r	         0.2303	         0		         0.0633	         0
a	         0.1720	         0		         0.0598	         0
l	         0.1474	         0		         0.0610	         0
l	         0.1203	         0		         0.0582	         0
l	         0.0912	         0		         0.0557	         0
s	         0.0928	         0		         0.0574	         0
e	         0.0886	         0		         0.0567	         0
p	         0.1044	         0		         0.0593	         0
s	         0.1190	         0		         0.0571	         0
l	         0.1085	         0		         0.0560	         0
l	         0.1079	         0		         0.0556	         0
r	         0.2338	         0		         0.0579	         0
t	         0.1081	         0		         0.0536	         0
v	         0.0869	         0		         0.0519	         0
q	         0.1707	         0		         0.0558	         0
q	         0.2527	         0		         0.0572	         0
i	         0.1277	         0		         0.0522	         0
p	         0.1923	         0		         0.0574	         0
g	         0.2747	         0		         0.0588	         0
v	         0.1220	         0		         0.0536	         0
g	         0.2608	         0		         0.0596	         0
k	         0.2771	         0		         0.0585	         0
v	         0.2421	         0		         0.0581	         0
k	         0.2562	         0		         0.0590	         0
a	         0.1148	         0		         0.0547	         0
p	         0.1229	         0		         0.0578	         0
l	         0.1076	         0		         0.0520	         0
l	         0.0796	         0		         0.0480	         0
l	         0.0837	         0		         0.0482	         0
q	         0.1413	         0		         0.0556	         0
k	         0.1917	         0		         0.0567	         0
f	         0.1289	         0		         0.0563	         0
p	         0.1841	         0		         0.0528	         0
s	         0.3337	         0		         0.0564	         0
i	         0.1169	         0		         0.0488	         0
q	         0.1649	         0		         0.0514	         0
q	         0.2126	         0		         0.0523	         0
l	         0.1246	         0		         0.0477	         0
s	         0.1423	         0		         0.0496	         0
n	         0.2827	         0		         0.0514	         0
a	         0.1438	         0		         0.0479	         0
s	         0.2592	         0		         0.0572	         0
i	         0.1140	         0		         0.0522	         0
g	         0.1180	         0		         0.0524	         0
e	         0.1008	         0		         0.0517	         0
l	         0.0846	         0		         0.0502	         0
e	         0.1206	         0		         0.0525	         0
q	         0.1636	         0		         0.0555	         0
v	         0.0924	         0		         0.0524	         0
v	         0.0974	         0		         0.0591	         0
g	         0.1910	         0		         0.0626	         0
q	         0.1537	         0		         0.0614	         0
a	         0.2022	         0		         0.0620	         0
v	         0.1278	         0		         0.0609	         0
a	         0.1047	         0		         0.0596	         0
q	         0.1201	         0		         0.0629	         0
q	         0.1236	         0		         0.0636	         0
i	         0.0906	         0		         0.0595	         0
h	         0.1618	         0		         0.0649	         0
a	         0.1256	         0		         0.0636	         0
f	         0.1075	         0		         0.0706	         0
f	         0.0852	         0		         0.0668	         0
t	         0.1343	         0		         0.0747	         0
q	         0.1348	         0		         0.0753	         0
p	         0.1117	         0		         0.0669	         0
