0.2937	0.1815
0.4196	0.1645
0.4145	0.1473
0.4197	0.1369
0.3490	0.1108
0.3523	0.1081
0.2949	0.1010
0.0802	0.0432
0.0869	0.0455
0.1006	0.0490
0.0807	0.0422
0.1583	0.0702
0.2612	0.0993
0.3401	0.0983
0.2893	0.0891
0.3790	0.0902
0.3631	0.0951
0.2175	0.0718
0.2651	0.1530
0.1911	0.0725
0.2431	0.0928
0.1609	0.0785
0.1575	0.0984
0.1943	0.1030
0.2440	0.1254
0.1260	0.0874
0.1909	0.1059
0.0838	0.0579
0.1816	0.0794
0.1717	0.0821
0.2065	0.0834
0.0995	0.0577
0.1970	0.0813
0.3048	0.0808
0.2579	0.0705
0.1511	0.0560
0.2442	0.0655
0.3083	0.0771
0.2605	0.0835
0.2586	0.0783
0.1476	0.0642
0.1896	0.0737
0.1827	0.0788
0.2094	0.0913
0.2012	0.0805
0.2900	0.0841
0.1073	0.0555
0.1433	0.0692
0.2764	0.0784
0.1166	0.0637
0.1912	0.0471
0.1507	0.0437
0.0830	0.0278
0.1336	0.0348
0.2117	0.0386
0.3095	0.0450
0.2633	0.0415
0.6059	0.0635
0.4128	0.0443
0.7644	0.0674
0.7744	0.0717
0.7583	0.0698
0.6247	0.0828
0.1901	0.0422
0.6874	0.0974
0.5265	0.0769
0.1695	0.0457
0.1008	0.0407
0.2682	0.0698
0.1965	0.0665
0.0772	0.0333
0.1400	0.0453
0.2084	0.0773
0.1188	0.0870
0.2228	0.0982
0.1077	0.0561
0.0947	0.0526
0.3419	0.0836
0.3158	0.0964
0.2326	0.0762
0.3902	0.1169
0.4606	0.0970
0.3598	0.0989
0.3747	0.0917
0.3378	0.0884
0.3193	0.1170
0.1469	0.0733
0.1813	0.0756
