g	         0.1282	         0		         0.0673	         0
p	         0.1027	         0		         0.0673	         0
h	         0.1796	         0		         0.0765	         0
m	         0.1737	         0		         0.0945	         0
e	         0.1817	         0		         0.0749	         0
l	         0.0823	         0		         0.0616	         0
h	         0.1544	         0		         0.0774	         0
f	         0.0955	         0		         0.0678	         0
n	         0.1277	         0		         0.0496	         0
l	         0.1111	         0		         0.0402	         0
e	         0.1442	         0		         0.0427	         0
l	         0.0807	         0		         0.0356	         0
v	         0.0980	         0		         0.0368	         0
e	         0.1373	         0		         0.0402	         0
t	         0.2241	         0		         0.0416	         0
y	         0.4632	         0		         0.0453	         0
K	         0.5767	         1		         0.0461	         0
S	         0.5451	         1		         0.0459	         0
n	         0.4063	         0		         0.0438	         0
s	         0.4568	         0		         0.0461	         0
Q	         0.4728	         1		         0.0471	         0
k	         0.2783	         0		         0.0411	         0
a	         0.1318	         0		         0.0366	         0
r	         0.4140	         0		         0.0458	         0
i	         0.1061	         0		         0.0401	         0
l	         0.0842	         0		         0.0403	         0
t	         0.2555	         0		         0.0484	         0
e	         0.0909	         0		         0.0409	         0
d	         0.1380	         0		         0.0483	         0
w	         0.2190	         0		         0.0442	         0
v	         0.1087	         0		         0.0435	         0
y	         0.1234	         0		         0.0530	         0
r	         0.1943	         0		         0.0583	         0
q	         0.2421	         0		         0.0656	         0
s	         0.1681	         0		         0.0533	         0
y	         0.2718	         0		         0.0591	         0
c	         0.0922	         0		         0.0620	         0
p	         0.1505	         0		         0.0530	         0
n	         0.2677	         0		         0.0613	         0
c	         0.0959	         0		         0.0640	         0
g	         0.2386	         0		         0.0593	         0
n	         0.3831	         0		         0.0618	         0
n	         0.1922	         0		         0.0511	         0
p	         0.1828	         0		         0.0552	         0
l	         0.0987	         0		         0.0447	         0
n	         0.2698	         0		         0.0535	         0
h	         0.1967	         0		         0.0493	         0
f	         0.1329	         0		         0.0558	         0
e	         0.1092	         0		         0.0473	         0
n	         0.1908	         0		         0.0524	         0
n	         0.2614	         0		         0.0675	         0
r	         0.3512	         0		         0.0660	         0
p	         0.1294	         0		         0.0607	         0
v	         0.0987	         0		         0.0518	         0
a	         0.1018	         0		         0.0503	         0
d	         0.1260	         0		         0.0673	         0
f	         0.1178	         0		         0.0654	         0
y	         0.2440	         0		         0.0609	         0
c	         0.0891	         0		         0.0652	         0
n	         0.1343	         0		         0.0624	         0
h	         0.2808	         0		         0.0690	         0
c	         0.0907	         0		         0.0643	         0
s	         0.1854	         0		         0.0575	         0
e	         0.1010	         0		         0.0472	         0
e	         0.1055	         0		         0.0453	         0
f	         0.1358	         0		         0.0511	         0
e	         0.0926	         0		         0.0399	         0
l	         0.0832	         0		         0.0381	         0
k	         0.3598	         0		         0.0508	         0
s	         0.3915	         0		         0.0462	         0
k	         0.4085	         0		         0.0485	         0
k	         0.4661	         0		         0.0447	         0
g	         0.3967	         0		         0.0417	         0
N	         0.4969	         1		         0.0434	         0
f	         0.1378	         0		         0.0352	         0
S	         0.5517	         1		         0.0436	         0
S	         0.6240	         1		         0.0436	         0
T	         0.4993	         1		         0.0429	         0
i	         0.1849	         0		         0.0358	         0
n	         0.3463	         0		         0.0421	         0
d	         0.2810	         0		         0.0462	         0
g	         0.2682	         0		         0.0388	         0
a	         0.1372	         0		         0.0339	         0
Y	         0.4972	         1		         0.0423	         0
a	         0.2791	         0		         0.0444	         0
t	         0.4187	         0		         0.0491	         0
m	         0.2270	         0		         0.0535	         0
m	         0.0955	         0		         0.0383	         0
k	         0.1519	         0		         0.0420	         0
r	         0.3378	         0		         0.0494	         0
v	         0.1017	         0		         0.0392	         0
q	         0.2704	         0		         0.0594	         0
a	         0.2058	         0		         0.0562	         0
d	         0.1710	         0		         0.0672	         0
n	         0.2258	         0		         0.0677	         0
n	         0.2866	         0		         0.0683	         0
p	         0.1399	         0		         0.0629	         0
n	         0.2775	         0		         0.0675	         0
f	         0.1268	         0		         0.0601	         0
f	         0.1141	         0		         0.0582	         0
f	         0.1064	         0		         0.0547	         0
l	         0.0891	         0		         0.0456	         0
t	         0.2664	         0		         0.0577	         0
y	         0.3913	         0		         0.0598	         0
t	         0.2940	         0		         0.0522	         0
k	         0.3276	         0		         0.0511	         0
n	         0.2809	         0		         0.0552	         0
f	         0.2085	         0		         0.0527	         0
e	         0.3084	         0		         0.0553	         0
v	         0.1199	         0		         0.0483	         0
n	         0.2270	         0		         0.0533	         0
n	         0.2241	         0		         0.0594	         0
f	         0.0937	         0		         0.0539	         0
l	         0.0947	         0		         0.0523	         0
v	         0.0916	         0		         0.0474	         0
l	         0.0902	         0		         0.0454	         0
p	         0.1197	         0		         0.0553	         0
k	         0.3345	         0		         0.0596	         0
q	         0.3321	         0		         0.0634	         0
f	         0.2325	         0		         0.0624	         0
v	         0.2153	         0		         0.0574	         0
t	         0.3994	         0		         0.0488	         0
p	         0.1737	         0		         0.0457	         0
k	         0.3062	         0		         0.0458	         0
s	         0.1662	         0		         0.0437	         0
i	         0.1208	         0		         0.0398	         0
i	         0.1159	         0		         0.0405	         0
q	         0.2669	         0		         0.0550	         0
R	         0.5215	         1		         0.0534	         0
k	         0.4072	         0		         0.0548	         0
p	         0.1414	         0		         0.0466	         0
l	         0.0894	         0		         0.0378	         0
a	         0.3633	         0		         0.0555	         0
p	         0.1818	         0		         0.0453	         0
t	         0.1995	         0		         0.0444	         0
a	         0.1420	         0		         0.0406	         0
n	         0.4244	         0		         0.0557	         0
R	         0.4895	         1		         0.0574	         0
a	         0.1570	         0		         0.0433	         0
g	         0.2427	         0		         0.0555	         0
W	         0.4884	         1		         0.0497	         0
i	         0.1332	         0		         0.0423	         0
g	         0.1753	         0		         0.0529	         0
c	         0.0850	         0		         0.0537	         0
n	         0.2423	         0		         0.0515	         0
i	         0.1053	         0		         0.0395	         0
d	         0.1306	         0		         0.0465	         0
l	         0.0931	         0		         0.0393	         0
s	         0.3267	         0		         0.0598	         0
q	         0.2090	         0		         0.0583	         0
v	         0.1070	         0		         0.0473	         0
p	         0.1728	         0		         0.0586	         0
s	         0.1699	         0		         0.0529	         0
k	         0.3691	         0		         0.0596	         0
g	         0.1868	         0		         0.0558	         0
r	         0.3329	         0		         0.0653	         0
i	         0.1078	         0		         0.0463	         0
f	         0.1164	         0		         0.0550	         0
l	         0.0866	         0		         0.0450	         0
v	         0.1020	         0		         0.0465	         0
q	         0.2423	         0		         0.0560	         0
d	         0.2382	         0		         0.0570	         0
g	         0.2664	         0		         0.0556	         0
q	         0.2537	         0		         0.0634	         0
v	         0.1161	         0		         0.0555	         0
r	         0.1427	         0		         0.0573	         0
d	         0.1501	         0		         0.0550	         0
p	         0.1949	         0		         0.0562	         0
e	         0.1364	         0		         0.0540	         0
k	         0.1267	         0		         0.0506	         0
v	         0.0902	         0		         0.0482	         0
t	         0.1225	         0		         0.0527	         0
k	         0.2036	         0		         0.0530	         0
e	         0.3344	         0		         0.0614	         0
f	         0.2121	         0		         0.0465	         0
k	         0.3210	         0		         0.0498	         0
q	         0.2279	         0		         0.0538	         0
g	         0.2013	         0		         0.0474	         0
l	         0.1097	         0		         0.0412	         0
f	         0.1717	         0		         0.0536	         0
l	         0.1006	         0		         0.0380	         0
r	         0.4518	         0		         0.0452	         0
k	         0.3549	         0		         0.0404	         0
s	         0.3486	         0		         0.0424	         0
S	         0.5234	         1		         0.0484	         0
l	         0.2983	         0		         0.0371	         0
s	         0.3699	         0		         0.0407	         0
S	         0.5348	         1		         0.0447	         0
R	         0.6898	         1		         0.0516	         0
g	         0.2659	         0		         0.0421	         0
w	         0.3686	         0		         0.0394	         0
t	         0.1123	         0		         0.0356	         0
i	         0.0918	         0		         0.0321	         0
e	         0.1161	         0		         0.0375	         0
i	         0.0919	         0		         0.0324	         0
l	         0.0937	         0		         0.0336	         0
n	         0.1230	         0		         0.0571	         0
c	         0.0790	         0		         0.0576	         0
i	         0.0868	         0		         0.0480	         0
d	         0.1263	         0		         0.0529	         0
k	         0.3568	         0		         0.0604	         0
i	         0.0907	         0		         0.0449	         0
e	         0.1220	         0		         0.0506	         0
g	         0.1566	         0		         0.0514	         0
s	         0.1691	         0		         0.0526	         0
e	         0.1363	         0		         0.0500	         0
f	         0.1343	         0		         0.0571	         0
t	         0.2881	         0		         0.0554	         0
l	         0.0862	         0		         0.0491	         0
e	         0.1445	         0		         0.0594	         0
d	         0.1249	         0		         0.0610	         0
m	         0.0952	         0		         0.0526	         0
y	         0.2073	         0		         0.0640	         0
r	         0.1854	         0		         0.0596	         0
f	         0.1244	         0		         0.0665	         0
e	         0.1049	         0		         0.0593	         0
s	         0.1472	         0		         0.0688	         0
d	         0.1203	         0		         0.0559	         0
l	         0.0860	         0		         0.0452	         0
k	         0.2255	         0		         0.0598	         0
n	         0.1221	         0		         0.0538	         0
i	         0.1982	         0		         0.0601	         0
f	         0.2588	         0		         0.0730	         0
v	         0.1974	         0		         0.0641	         0
k	         0.4080	         0		         0.0643	         0
n	         0.3934	         0		         0.0665	         0
n	         0.3116	         0		         0.0690	         0
h	         0.3206	         0		         0.0777	         0
i	         0.1189	         0		         0.0441	         0
k	         0.3609	         0		         0.0586	         0
e	         0.1589	         0		         0.0520	         0
k	         0.4240	         0		         0.0626	         0
i	         0.1099	         0		         0.0416	         0
r	         0.3860	         0		         0.0510	         0
q	         0.2327	         0		         0.0518	         0
q	         0.2245	         0		         0.0545	         0
l	         0.0870	         0		         0.0409	         0
q	         0.2077	         0		         0.0545	         0
i	         0.0928	         0		         0.0437	         0
l	         0.0806	         0		         0.0433	         0
r	         0.1987	         0		         0.0555	         0
d	         0.1190	         0		         0.0722	         0
k	         0.1601	         0		         0.0711	         0
e	         0.1143	         0		         0.0468	         0
i	         0.0901	         0		         0.0414	         0
i	         0.0867	         0		         0.0386	         0
e	         0.1077	         0		         0.0428	         0
f	         0.1448	         0		         0.0502	         0
k	         0.1263	         0		         0.0406	         0
g	         0.1783	         0		         0.0500	         0
R	         0.4970	         1		         0.0594	         0
g	         0.3131	         0		         0.0614	         0
K	         0.4743	         1		         0.0648	         0
Y	         0.5325	         1		         0.0723	         0
R	         0.5404	         1		         0.0704	         0
k	         0.3146	         0		         0.0661	         0
l	         0.0952	         0		         0.0445	         0
