0.1135	0.0873
0.0850	0.0521
0.0838	0.0515
0.0790	0.0506
0.0893	0.0517
0.0806	0.0573
0.1068	0.0601
0.0907	0.0569
0.2720	0.0588
0.1036	0.0550
0.1395	0.0537
0.0888	0.0474
0.1245	0.0503
0.1595	0.0537
0.1672	0.0533
0.2150	0.0525
0.2989	0.0539
0.3436	0.0551
0.1604	0.0526
0.1362	0.0494
0.1359	0.0457
0.1333	0.0433
0.2708	0.0459
0.3250	0.0476
0.1500	0.0430
0.1134	0.0410
0.1141	0.0410
0.4290	0.0463
0.1072	0.0427
0.1187	0.0427
0.0885	0.0401
0.1881	0.0440
0.1422	0.0413
0.3434	0.0453
0.1027	0.0408
0.1081	0.0471
0.2126	0.0508
0.1906	0.0507
0.1402	0.0501
0.1786	0.0505
0.1488	0.0508
0.2076	0.0574
0.1178	0.0571
0.1578	0.0564
0.1212	0.0580
0.1888	0.0596
0.0901	0.0532
0.0952	0.0538
0.2538	0.0606
0.1698	0.0600
0.0932	0.0400
0.1243	0.0384
0.1331	0.0361
0.1308	0.0364
0.1186	0.0388
0.1918	0.0371
0.1899	0.0394
0.4901	0.0392
0.5694	0.0348
0.6677	0.0331
0.4763	0.0283
0.4874	0.0274
0.6377	0.0281
0.6140	0.0279
0.4368	0.0272
0.7236	0.0267
0.6872	0.0275
0.8014	0.0299
0.3895	0.0275
0.3106	0.0269
0.4970	0.0271
0.2834	0.0266
0.1500	0.0251
0.4329	0.0266
0.1427	0.0247
0.2078	0.0410
0.2283	0.0414
0.3402	0.0412
0.3697	0.0435
0.1199	0.0413
0.0979	0.0411
0.1289	0.0482
0.0857	0.0457
0.0829	0.0458
0.0883	0.0464
0.1032	0.0452
0.0918	0.0437
0.0854	0.0430
0.2245	0.0471
0.1897	0.0475
0.1226	0.0442
0.3900	0.0490
0.1755	0.0456
0.2870	0.0481
0.2686	0.0478
0.2591	0.0423
0.2853	0.0426
0.1142	0.0400
0.2290	0.0430
0.2283	0.0443
0.1697	0.0418
0.1111	0.0400
0.4617	0.0447
0.4572	0.0439
0.1314	0.0406
0.1452	0.0414
0.4541	0.0443
0.1289	0.0409
0.4256	0.0440
0.2929	0.0458
0.0916	0.0395
0.0917	0.0398
0.2256	0.0434
0.0840	0.0391
0.0882	0.0423
0.1134	0.0423
0.3174	0.0534
0.1844	0.0519
0.1235	0.0505
0.1793	0.0520
0.1062	0.0498
0.1554	0.0520
0.1218	0.0521
0.1011	0.0487
0.0877	0.0613
0.1691	0.0690
0.1704	0.0594
0.1620	0.0572
0.1099	0.0557
0.1150	0.0566
0.0836	0.0526
0.1041	0.0533
0.1019	0.0535
0.2602	0.0589
0.1801	0.0556
0.1253	0.0550
0.1072	0.0376
0.1167	0.0369
0.1436	0.0373
0.1142	0.0378
0.2249	0.0395
0.1176	0.0377
0.1886	0.0381
0.5133	0.0397
0.1869	0.0373
0.1585	0.0371
0.1116	0.0366
0.1621	0.0373
0.2847	0.0381
0.1196	0.0367
0.2675	0.0380
0.1430	0.0505
0.1082	0.0502
0.1968	0.0508
0.1991	0.0508
0.1281	0.0500
0.0995	0.0485
0.1199	0.0496
0.2213	0.0526
0.2515	0.0522
0.3177	0.0529
0.2091	0.0501
0.2159	0.0505
0.2288	0.0543
0.2888	0.0533
0.1494	0.0526
0.2948	0.0528
0.2248	0.0548
0.0888	0.0499
0.1607	0.0550
0.2729	0.0557
0.1120	0.0514
0.1388	0.0534
0.2183	0.0573
0.1391	0.0564
0.0815	0.0511
0.1057	0.0554
0.1030	0.0558
0.0881	0.0570
0.0843	0.0531
0.1061	0.0541
0.1281	0.0543
0.1552	0.0541
0.1015	0.0534
0.0909	0.0520
0.1007	0.0524
0.2549	0.0551
0.2680	0.0565
0.0987	0.0518
0.1883	0.0548
0.0929	0.0521
0.2239	0.0558
0.1316	0.0544
0.1560	0.0556
0.1965	0.0546
0.1238	0.0562
0.1051	0.0544
0.1534	0.0568
0.1358	0.0574
0.2069	0.0576
0.1478	0.0557
0.1108	0.0544
0.2380	0.0510
0.0974	0.0480
0.0860	0.0480
0.0894	0.0444
0.0946	0.0410
0.1003	0.0397
0.0895	0.0387
0.3270	0.0429
0.2578	0.0428
0.3169	0.0442
0.4055	0.0368
0.4713	0.0350
0.4911	0.0361
0.1909	0.0327
0.1233	0.0296
0.1441	0.0305
0.1421	0.0298
0.6345	0.0348
0.6676	0.0379
0.4256	0.0340
0.7031	0.0375
0.5168	0.0352
0.5980	0.0385
0.6570	0.0353
0.5844	0.0358
0.1285	0.0302
0.1452	0.0311
0.3084	0.0324
0.5135	0.0371
0.5313	0.0357
0.5229	0.0371
0.1425	0.0353
0.1501	0.0356
0.5252	0.0392
0.4556	0.0411
0.1221	0.0345
0.1492	0.0369
0.5588	0.0392
0.1459	0.0355
0.2845	0.0381
0.1745	0.0263
0.4515	0.0287
0.2013	0.0271
0.4894	0.0288
0.2954	0.0273
0.3133	0.0268
0.3767	0.0270
0.7926	0.0290
0.7530	0.0283
0.5155	0.0274
0.4403	0.0271
0.3927	0.0272
0.2881	0.0277
0.2412	0.0276
0.1490	0.0276
0.2012	0.0298
0.1026	0.0400
0.0851	0.0424
0.1234	0.0485
0.1855	0.0536
0.1908	0.0465
0.0956	0.0439
0.0954	0.0436
0.2280	0.0464
0.1716	0.0473
0.2291	0.0454
0.3387	0.0434
0.4034	0.0459
0.1846	0.0343
0.1522	0.0369
0.2925	0.0362
0.4247	0.0362
0.4510	0.0354
0.2807	0.0351
0.3995	0.0350
0.6217	0.0363
0.4138	0.0354
0.5427	0.0362
0.5531	0.0363
0.1392	0.0337
0.2249	0.0350
0.1359	0.0339
0.1026	0.0352
0.3247	0.0401
0.4526	0.0396
0.1098	0.0361
0.0862	0.0386
0.1513	0.0434
0.2735	0.0438
0.2230	0.0408
0.1564	0.0409
0.4762	0.0345
0.2270	0.0357
0.1877	0.0336
0.3644	0.0364
0.4751	0.0349
0.2015	0.0343
0.1899	0.0339
0.6517	0.0352
0.4267	0.0338
0.1468	0.0318
0.3256	0.0335
0.3319	0.0331
0.1513	0.0322
0.1794	0.0320
0.2715	0.0332
0.1420	0.0449
0.1372	0.0523
0.0931	0.0481
0.1164	0.0487
0.2681	0.0546
0.1739	0.0536
0.1013	0.0516
0.2043	0.0537
0.1495	0.0515
