m	         0.1494	         0		         0.0501	         0
k	         0.3167	         0		         0.0517	         0
e	         0.2001	         0		         0.0507	         0
q	         0.2118	         0		         0.0524	         0
d	         0.1944	         0		         0.0524	         0
r	         0.1982	         0		         0.0501	         0
w	         0.2038	         0		         0.0483	         0
l	         0.1122	         0		         0.0311	         0
p	         0.2148	         0		         0.0338	         0
i	         0.2515	         0		         0.0325	         0
a	         0.2798	         0		         0.0322	         0
n	         0.2711	         0		         0.0335	         0
v	         0.1614	         0		         0.0315	         0
a	         0.3879	         0		         0.0328	         0
R	         0.6551	         1		         0.0346	         0
i	         0.1775	         0		         0.0313	         0
m	         0.1949	         0		         0.0319	         0
K	         0.6168	         1		         0.0354	         0
l	         0.2500	         0		         0.0324	         0
a	         0.1677	         0		         0.0313	         0
l	         0.1224	         0		         0.0310	         0
p	         0.1881	         0		         0.0322	         0
e	         0.1767	         0		         0.0334	         0
n	         0.2528	         0		         0.0332	         0
a	         0.1795	         0		         0.0328	         0
K	         0.5082	         1		         0.0393	         0
i	         0.1637	         0		         0.0372	         0
a	         0.4705	         0		         0.0390	         0
k	         0.3863	         0		         0.0388	         0
e	         0.1745	         0		         0.0382	         0
a	         0.1549	         0		         0.0371	         0
k	         0.3274	         0		         0.0379	         0
e	         0.1576	         0		         0.0372	         0
c	         0.1209	         0		         0.0398	         0
m	         0.1224	         0		         0.0399	         0
q	         0.2557	         0		         0.0469	         0
e	         0.2088	         0		         0.0489	         0
c	         0.1165	         0		         0.0486	         0
v	         0.1161	         0		         0.0477	         0
s	         0.2150	         0		         0.0468	         0
e	         0.1549	         0		         0.0415	         0
f	         0.1704	         0		         0.0425	         0
i	         0.1388	         0		         0.0408	         0
s	         0.2944	         0		         0.0402	         0
f	         0.2030	         0		         0.0404	         0
i	         0.1288	         0		         0.0394	         0
t	         0.3661	         0		         0.0403	         0
s	         0.4522	         0		         0.0409	         0
e	         0.2387	         0		         0.0405	         0
a	         0.2351	         0		         0.0400	         0
S	         0.4728	         1		         0.0339	         0
e	         0.3199	         0		         0.0270	         0
k	         0.2584	         0		         0.0256	         0
c	         0.1775	         0		         0.0258	         0
q	         0.3403	         0		         0.0261	         0
q	         0.3627	         0		         0.0266	         0
e	         0.2905	         0		         0.0260	         0
K	         0.6331	         1		         0.0271	         0
R	         0.7863	         1		         0.0268	         0
K	         0.8019	         1		         0.0267	         0
T	         0.6271	         1		         0.0263	         0
v	         0.2287	         0		         0.0255	         0
N	         0.5412	         1		         0.0265	         0
g	         0.2819	         0		         0.0260	         0
e	         0.2498	         0		         0.0262	         0
d	         0.3419	         0		         0.0276	         0
i	         0.1527	         0		         0.0256	         0
l	         0.1966	         0		         0.0338	         0
f	         0.3127	         0		         0.0379	         0
a	         0.1868	         0		         0.0364	         0
m	         0.1560	         0		         0.0429	         0
t	         0.4157	         0		         0.0406	         0
s	         0.3300	         0		         0.0405	         0
l	         0.1864	         0		         0.0394	         0
g	         0.3448	         0		         0.0404	         0
f	         0.3088	         0		         0.0413	         0
e	         0.2473	         0		         0.0405	         0
n	         0.2900	         0		         0.0410	         0
Y	         0.4794	         1		         0.0422	         0
a	         0.1573	         0		         0.0401	         0
e	         0.1876	         0		         0.0413	         0
a	         0.1747	         0		         0.0406	         0
l	         0.1063	         0		         0.0393	         0
k	         0.3607	         0		         0.0400	         0
i	         0.1925	         0		         0.0388	         0
y	         0.2817	         0		         0.0403	         0
l	         0.1181	         0		         0.0376	         0
s	         0.2045	         0		         0.0399	         0
k	         0.2636	         0		         0.0401	         0
y	         0.3361	         0		         0.0425	         0
R	         0.5285	         1		         0.0433	         0
e	         0.2346	         0		         0.0387	         0
