m	         0.0966	         0		         0.0411	         0
e	         0.0921	         0		         0.0383	         0
s	         0.1057	         0		         0.0290	         0
p	         0.1199	         0		         0.0324	         0
l	         0.1043	         0		         0.0274	         0
y	         0.3121	         0		         0.0344	         0
v	         0.1558	         0		         0.0304	         0
N	         0.4742	         1		         0.0356	         0
a	         0.1945	         0		         0.0294	         0
K	         0.7248	         1		         0.0474	         0
Q	         0.5999	         1		         0.0431	         0
f	         0.3397	         0		         0.0382	         0
H	         0.4958	         1		         0.0406	         0
R	         0.5072	         1		         0.0397	         0
i	         0.1459	         0		         0.0278	         0
l	         0.1408	         0		         0.0296	         0
K	         0.6060	         1		         0.0433	         0
R	         0.7008	         1		         0.0522	         0
R	         0.6310	         1		         0.0485	         0
v	         0.3017	         0		         0.0415	         0
a	         0.2552	         0		         0.0390	         0
R	         0.5924	         1		         0.0517	         0
q	         0.1531	         0		         0.0352	         0
k	         0.3966	         0		         0.0489	         0
l	         0.0990	         0		         0.0321	         0
e	         0.0961	         0		         0.0350	         0
e	         0.1097	         0		         0.0366	         0
q	         0.1219	         0		         0.0367	         0
l	         0.1412	         0		         0.0368	         0
r	         0.3092	         0		         0.0450	         0
l	         0.1017	         0		         0.0352	         0
t	         0.1538	         0		         0.0408	         0
s	         0.1950	         0		         0.0430	         0
K	         0.5111	         1		         0.0577	         0
g	         0.2508	         0		         0.0495	         0
R	         0.6184	         1		         0.0609	         0
K	         0.5931	         1		         0.0734	         0
p	         0.2777	         0		         0.0678	         0
Y	         0.5432	         1		         0.0718	         0
l	         0.1389	         0		         0.0396	         0
H	         0.5215	         1		         0.0919	         0
e	         0.1493	         0		         0.0422	         0
S	         0.5670	         1		         0.0816	         0
R	         0.6579	         1		         0.0701	         0
H	         0.5678	         1		         0.0987	         0
n	         0.2568	         0		         0.0450	         0
H	         0.5691	         1		         0.0989	         0
a	         0.1226	         0		         0.0341	         0
m	         0.1997	         0		         0.0540	         0
R	         0.7231	         1		         0.0671	         0
R	         0.7314	         1		         0.0801	         0
p	         0.2457	         0		         0.0468	         0
R	         0.7946	         1		         0.0859	         0
G	         0.5563	         1		         0.0506	         0
P	         0.4758	         1		         0.0580	         0
g	         0.4613	         0		         0.0584	         0
G	         0.4822	         1		         0.0497	         0
R	         0.7428	         1		         0.0538	         0
f	         0.2340	         0		         0.0560	         0
l	         0.0962	         0		         0.0267	         0
t	         0.3160	         0		         0.0485	         0
a	         0.1526	         0		         0.0435	         0
d	         0.1071	         0		         0.0374	         0
e	         0.0797	         0		         0.0274	         0
