m	         0.4542	         0		         0.0639	         0
p	         0.2006	         0		         0.0459	         0
p	         0.1570	         0		         0.0439	         0
g	         0.2534	         0		         0.0418	         0
K	         0.6363	         1		         0.0545	         0
c	         0.1172	         0		         0.0560	         0
l	         0.1026	         0		         0.0305	         0
f	         0.2749	         0		         0.0409	         0
s	         0.2429	         0		         0.0334	         0
g	         0.4083	         0		         0.0411	         0
v	         0.3906	         0		         0.0297	         0
F	         0.5971	         1		         0.0430	         0
c	         0.3558	         0		         0.0321	         0
n	         0.4471	         0		         0.0327	         0
m	         0.2765	         0		         0.0343	         0
a	         0.4426	         0		         0.0383	         0
E	         0.6177	         1		         0.0432	         0
K	         0.7755	         1		         0.0451	         0
Q	         0.5136	         1		         0.0400	         0
t	         0.4212	         0		         0.0336	         0
a	         0.4375	         0		         0.0316	         0
K	         0.6071	         1		         0.0407	         0
R	         0.4974	         1		         0.0374	         0
n	         0.3042	         0		         0.0365	         0
R	         0.4850	         1		         0.0385	         0
R	         0.5047	         1		         0.0548	         0
e	         0.2622	         0		         0.0447	         0
e	         0.2588	         0		         0.0441	         0
i	         0.1031	         0		         0.0345	         0
l	         0.1052	         0		         0.0407	         0
q	         0.1291	         0		         0.0460	         0
s	         0.1287	         0		         0.0445	         0
l	         0.0988	         0		         0.0409	         0
a	         0.1025	         0		         0.0484	         0
l	         0.1576	         0		         0.0559	         0
m	         0.0900	         0		         0.0463	         0
l	         0.0911	         0		         0.0400	         0
e	         0.1481	         0		         0.0396	         0
s	         0.1643	         0		         0.0381	         0
s	         0.3772	         0		         0.0399	         0
d	         0.3344	         0		         0.0388	         0
g	         0.3809	         0		         0.0358	         0
s	         0.4067	         0		         0.0376	         0
Q	         0.5796	         1		         0.0397	         0
R	         0.6404	         1		         0.0391	         0
i	         0.3994	         0		         0.0357	         0
T	         0.6984	         1		         0.0508	         0
t	         0.2567	         0		         0.0387	         0
a	         0.4558	         0		         0.0473	         0
k	         0.4468	         0		         0.0430	         0
l	         0.1514	         0		         0.0303	         0
a	         0.2752	         0		         0.0356	         0
a	         0.4312	         0		         0.0433	         0
s	         0.3980	         0		         0.0407	         0
v	         0.2203	         0		         0.0416	         0
G	         0.5086	         1		         0.0539	         0
v	         0.2629	         0		         0.0384	         0
S	         0.5742	         1		         0.0495	         0
e	         0.4441	         0		         0.0506	         0
a	         0.4393	         0		         0.0489	         0
a	         0.4493	         0		         0.0549	         0
l	         0.1361	         0		         0.0388	         0
Y	         0.5660	         1		         0.0768	         0
R	         0.6598	         1		         0.0766	         0
H	         0.5939	         1		         0.0952	         0
f	         0.3394	         0		         0.0822	         0
p	         0.4707	         0		         0.0823	         0
S	         0.6444	         1		         0.0935	         0
K	         0.6450	         1		         0.0889	         0
t	         0.2261	         0		         0.0505	         0
r	         0.3877	         0		         0.0519	         0
m	         0.1098	         0		         0.0354	         0
f	         0.1153	         0		         0.0402	         0
d	         0.1307	         0		         0.0441	         0
s	         0.1370	         0		         0.0382	         0
l	         0.0860	         0		         0.0342	         0
i	         0.0949	         0		         0.0493	         0
e	         0.1249	         0		         0.0524	         0
f	         0.1498	         0		         0.0676	         0
i	         0.0901	         0		         0.0564	         0
e	         0.1000	         0		         0.0604	         0
d	         0.1385	         0		         0.0621	         0
s	         0.1877	         0		         0.0664	         0
l	         0.1140	         0		         0.0554	         0
i	         0.1664	         0		         0.0616	         0
t	         0.2229	         0		         0.0657	         0
r	         0.2641	         0		         0.0662	         0
i	         0.1003	         0		         0.0558	         0
n	         0.1563	         0		         0.0688	         0
l	         0.1634	         0		         0.0648	         0
i	         0.0994	         0		         0.0593	         0
l	         0.0917	         0		         0.0602	         0
k	         0.2293	         0		         0.0760	         0
d	         0.1650	         0		         0.0706	         0
e	         0.1671	         0		         0.0593	         0
k	         0.2491	         0		         0.0710	         0
d	         0.2362	         0		         0.0728	         0
t	         0.1477	         0		         0.0627	         0
t	         0.1568	         0		         0.0647	         0
a	         0.1500	         0		         0.0609	         0
r	         0.3169	         0		         0.0720	         0
l	         0.1142	         0		         0.0540	         0
r	         0.2596	         0		         0.0707	         0
l	         0.1342	         0		         0.0646	         0
i	         0.0980	         0		         0.0575	         0
v	         0.0801	         0		         0.0574	         0
l	         0.1153	         0		         0.0593	         0
l	         0.1066	         0		         0.0439	         0
i	         0.1187	         0		         0.0457	         0
l	         0.1063	         0		         0.0440	         0
g	         0.1637	         0		         0.0524	         0
f	         0.1963	         0		         0.0510	         0
g	         0.2002	         0		         0.0510	         0
e	         0.3802	         0		         0.0626	         0
R	         0.6082	         1		         0.0570	         0
N	         0.5599	         1		         0.0697	         0
p	         0.4591	         0		         0.0602	         0
g	         0.3891	         0		         0.0545	         0
l	         0.2483	         0		         0.0458	         0
t	         0.3369	         0		         0.0479	         0
R	         0.5437	         1		         0.0481	         0
i	         0.2108	         0		         0.0386	         0
l	         0.1566	         0		         0.0400	         0
t	         0.1824	         0		         0.0462	         0
g	         0.2312	         0		         0.0491	         0
h	         0.2326	         0		         0.0456	         0
a	         0.1747	         0		         0.0407	         0
l	         0.1798	         0		         0.0421	         0
m	         0.1895	         0		         0.0616	         0
f	         0.1501	         0		         0.0646	         0
e	         0.1215	         0		         0.0564	         0
q	         0.1654	         0		         0.0644	         0
d	         0.1644	         0		         0.0579	         0
r	         0.2798	         0		         0.0576	         0
l	         0.1314	         0		         0.0522	         0
q	         0.2619	         0		         0.0627	         0
g	         0.2742	         0		         0.0589	         0
r	         0.3197	         0		         0.0597	         0
i	         0.1423	         0		         0.0517	         0
n	         0.2050	         0		         0.0575	         0
q	         0.2228	         0		         0.0640	         0
l	         0.1255	         0		         0.0554	         0
f	         0.1427	         0		         0.0560	         0
e	         0.2505	         0		         0.0512	         0
r	         0.3120	         0		         0.0506	         0
i	         0.1385	         0		         0.0446	         0
e	         0.1958	         0		         0.0491	         0
v	         0.2654	         0		         0.0509	         0
q	         0.2896	         0		         0.0492	         0
l	         0.1618	         0		         0.0427	         0
r	         0.4395	         0		         0.0490	         0
q	         0.3855	         0		         0.0521	         0
v	         0.1594	         0		         0.0439	         0
m	         0.1530	         0		         0.0440	         0
r	         0.4047	         0		         0.0519	         0
e	         0.2470	         0		         0.0509	         0
k	         0.2342	         0		         0.0520	         0
k	         0.2197	         0		         0.0479	         0
m	         0.1840	         0		         0.0475	         0
r	         0.3603	         0		         0.0494	         0
e	         0.2633	         0		         0.0512	         0
g	         0.2435	         0		         0.0501	         0
e	         0.1343	         0		         0.0485	         0
g	         0.2286	         0		         0.0519	         0
y	         0.2821	         0		         0.0510	         0
t	         0.2161	         0		         0.0528	         0
l	         0.1337	         0		         0.0494	         0
d	         0.1909	         0		         0.0656	         0
e	         0.1149	         0		         0.0589	         0
t	         0.1413	         0		         0.0611	         0
l	         0.1197	         0		         0.0567	         0
l	         0.1165	         0		         0.0573	         0
a	         0.1152	         0		         0.0636	         0
s	         0.1478	         0		         0.0755	         0
q	         0.1114	         0		         0.0637	         0
l	         0.1019	         0		         0.0586	         0
l	         0.1314	         0		         0.0626	         0
a	         0.2050	         0		         0.0683	         0
f	         0.1613	         0		         0.0431	         0
c	         0.1209	         0		         0.0417	         0
e	         0.1850	         0		         0.0460	         0
g	         0.2812	         0		         0.0508	         0
m	         0.1565	         0		         0.0400	         0
l	         0.1873	         0		         0.0410	         0
s	         0.2781	         0		         0.0478	         0
R	         0.6039	         1		         0.0566	         0
f	         0.3543	         0		         0.0494	         0
v	         0.1642	         0		         0.0414	         0
r	         0.3846	         0		         0.0515	         0
s	         0.2512	         0		         0.0566	         0
e	         0.2224	         0		         0.0520	         0
f	         0.2543	         0		         0.0515	         0
k	         0.4343	         0		         0.0548	         0
y	         0.2855	         0		         0.0565	         0
r	         0.2645	         0		         0.0618	         0
p	         0.1309	         0		         0.0551	         0
t	         0.1376	         0		         0.0535	         0
d	         0.1327	         0		         0.0606	         0
d	         0.1457	         0		         0.0568	         0
f	         0.1187	         0		         0.0485	         0
e	         0.1369	         0		         0.0664	         0
a	         0.1146	         0		         0.0729	         0
r	         0.1438	         0		         0.0972	         0
w	         0.0911	         0		         0.0793	         0
p	         0.1130	         0		         0.0921	         0
l	         0.0874	         0		         0.0771	         0
v	         0.0789	         0		         0.0720	         0
a	         0.0764	         0		         0.0694	         0
a	         0.1261	         0		         0.0886	         0
q	         0.1112	         0		         0.0854	         0
l	         0.0777	         0		         0.0639	         0
q	         0.1769	         0		         0.0663	         0
