M	         0.6469	         1		         0.0330	         0
Q	         0.7078	         1		         0.0338	         0
W	         0.5882	         1		         0.0321	         0
S	         0.5226	         1		         0.0333	         0
g	         0.3636	         0		         0.0324	         0
a	         0.2925	         0		         0.0311	         0
R	         0.5631	         1		         0.0324	         0
a	         0.1797	         0		         0.0296	         0
l	         0.0968	         0		         0.0289	         0
e	         0.1444	         0		         0.0347	         0
a	         0.1526	         0		         0.0348	         0
l	         0.0992	         0		         0.0341	         0
l	         0.1086	         0		         0.0343	         0
t	         0.2039	         0		         0.0363	         0
v	         0.1240	         0		         0.0362	         0
a	         0.1242	         0		         0.0356	         0
g	         0.2661	         0		         0.0382	         0
e	         0.2202	         0		         0.0369	         0
l	         0.1292	         0		         0.0361	         0
R	         0.5234	         1		         0.0402	         0
g	         0.2604	         0		         0.0375	         0
p	         0.1405	         0		         0.0361	         0
p	         0.1752	         0		         0.0377	         0
l	         0.1221	         0		         0.0350	         0
q	         0.4477	         0		         0.0387	         0
l	         0.1347	         0		         0.0354	         0
D	         0.5381	         1		         0.0393	         0
t	         0.3100	         0		         0.0376	         0
g	         0.2674	         0		         0.0269	         0
q	         0.3410	         0		         0.0272	         0
l	         0.1467	         0		         0.0246	         0
l	         0.1530	         0		         0.0252	         0
k	         0.4168	         0		         0.0266	         0
i	         0.1600	         0		         0.0245	         0
a	         0.2036	         0		         0.0245	         0
K	         0.7789	         1		         0.0274	         0
R	         0.8199	         1		         0.0262	         0
G	         0.6866	         1		         0.0262	         0
G	         0.5820	         1		         0.0260	         0
V	         0.4824	         1		         0.0256	         0
T	         0.6873	         1		         0.0266	         0
a	         0.2773	         0		         0.0241	         0
v	         0.1268	         0		         0.0238	         0
e	         0.2076	         0		         0.0245	         0
a	         0.2029	         0		         0.0296	         0
v	         0.1370	         0		         0.0296	         0
h	         0.2665	         0		         0.0310	         0
a	         0.3241	         0		         0.0314	         0
w	         0.1960	         0		         0.0467	         0
r	         0.2483	         0		         0.0466	         0
n	         0.3636	         0		         0.0500	         0
a	         0.2563	         0		         0.0475	         0
l	         0.1194	         0		         0.0451	         0
t	         0.2794	         0		         0.0481	         0
g	         0.2641	         0		         0.0466	         0
a	         0.1427	         0		         0.0449	         0
p	         0.1939	         0		         0.0470	         0
l	         0.1363	         0		         0.0452	         0
n	         0.1987	         0		         0.0471	         0
l	         0.1054	         0		         0.0444	         0
t	         0.3579	         0		         0.0481	         0
p	         0.2156	         0		         0.0467	         0
e	         0.1820	         0		         0.0369	         0
q	         0.2680	         0		         0.0294	         0
v	         0.1271	         0		         0.0275	         0
v	         0.1256	         0		         0.0277	         0
a	         0.2000	         0		         0.0281	         0
i	         0.1435	         0		         0.0273	         0
a	         0.1673	         0		         0.0273	         0
S	         0.5531	         1		         0.0297	         0
H	         0.7373	         1		         0.0304	         0
D	         0.4955	         1		         0.0300	         0
G	         0.5047	         1		         0.0300	         0
g	         0.4153	         0		         0.0292	         0
k	         0.4696	         0		         0.0289	         0
q	         0.4129	         0		         0.0297	         0
a	         0.1644	         0		         0.0273	         0
l	         0.1042	         0		         0.0271	         0
e	         0.1781	         0		         0.0392	         0
t	         0.2118	         0		         0.0396	         0
v	         0.1171	         0		         0.0405	         0
q	         0.1971	         0		         0.0426	         0
r	         0.3548	         0		         0.0451	         0
l	         0.1351	         0		         0.0455	         0
l	         0.1174	         0		         0.0454	         0
p	         0.2251	         0		         0.0498	         0
v	         0.1397	         0		         0.0475	         0
l	         0.0992	         0		         0.0330	         0
c	         0.1647	         0		         0.0359	         0
q	         0.2003	         0		         0.0354	         0
a	         0.1780	         0		         0.0341	         0
h	         0.3428	         0		         0.0372	         0
g	         0.2710	         0		         0.0373	         0
l	         0.1387	         0		         0.0334	         0
T	         0.5850	         1		         0.0379	         0
p	         0.3320	         0		         0.0363	         0
q	         0.2101	         0		         0.0345	         0
q	         0.3482	         0		         0.0308	         0
v	         0.1567	         0		         0.0280	         0
v	         0.1639	         0		         0.0284	         0
a	         0.2506	         0		         0.0286	         0
i	         0.1435	         0		         0.0274	         0
a	         0.2035	         0		         0.0275	         0
S	         0.6093	         1		         0.0298	         0
H	         0.7411	         1		         0.0307	         0
d	         0.4616	         0		         0.0298	         0
G	         0.5191	         1		         0.0299	         0
g	         0.4428	         0		         0.0294	         0
K	         0.5508	         1		         0.0292	         0
Q	         0.5317	         1		         0.0299	         0
a	         0.1672	         0		         0.0271	         0
l	         0.1043	         0		         0.0269	         0
e	         0.1901	         0		         0.0374	         0
t	         0.2232	         0		         0.0375	         0
v	         0.1201	         0		         0.0366	         0
q	         0.1979	         0		         0.0380	         0
r	         0.3988	         0		         0.0392	         0
l	         0.1117	         0		         0.0419	         0
l	         0.1182	         0		         0.0427	         0
p	         0.2037	         0		         0.0464	         0
v	         0.1402	         0		         0.0439	         0
l	         0.1081	         0		         0.0374	         0
c	         0.1549	         0		         0.0404	         0
q	         0.2302	         0		         0.0396	         0
a	         0.1865	         0		         0.0383	         0
h	         0.3331	         0		         0.0422	         0
g	         0.2072	         0		         0.0406	         0
l	         0.1219	         0		         0.0373	         0
T	         0.4881	         1		         0.0409	         0
p	         0.2279	         0		         0.0397	         0
e	         0.1559	         0		         0.0339	         0
q	         0.2700	         0		         0.0303	         0
v	         0.1331	         0		         0.0282	         0
v	         0.1392	         0		         0.0286	         0
a	         0.1621	         0		         0.0284	         0
i	         0.1374	         0		         0.0280	         0
a	         0.2066	         0		         0.0282	         0
S	         0.6089	         1		         0.0315	         0
H	         0.7269	         1		         0.0320	         0
d	         0.4097	         0		         0.0307	         0
g	         0.4442	         0		         0.0300	         0
g	         0.4331	         0		         0.0299	         0
K	         0.5390	         1		         0.0296	         0
Q	         0.5110	         1		         0.0306	         0
a	         0.1704	         0		         0.0279	         0
l	         0.1043	         0		         0.0276	         0
e	         0.1811	         0		         0.0380	         0
t	         0.1944	         0		         0.0381	         0
v	         0.1145	         0		         0.0374	         0
q	         0.1613	         0		         0.0386	         0
a	         0.1832	         0		         0.0390	         0
l	         0.1191	         0		         0.0589	         0
l	         0.1038	         0		         0.0419	         0
p	         0.1496	         0		         0.0452	         0
v	         0.1314	         0		         0.0437	         0
l	         0.1011	         0		         0.0400	         0
c	         0.1403	         0		         0.0426	         0
q	         0.2016	         0		         0.0424	         0
a	         0.2004	         0		         0.0412	         0
h	         0.4128	         0		         0.0465	         0
g	         0.1862	         0		         0.0435	         0
l	         0.1229	         0		         0.0399	         0
t	         0.4428	         0		         0.0435	         0
p	         0.2696	         0		         0.0429	         0
e	         0.1353	         0		         0.0263	         0
q	         0.2481	         0		         0.0285	         0
v	         0.1405	         0		         0.0267	         0
v	         0.1536	         0		         0.0270	         0
a	         0.2335	         0		         0.0268	         0
i	         0.1815	         0		         0.0263	         0
a	         0.3120	         0		         0.0266	         0
S	         0.7676	         1		         0.0300	         0
N	         0.7639	         1		         0.0305	         0
G	         0.5009	         1		         0.0277	         0
G	         0.6741	         1		         0.0286	         0
G	         0.6688	         1		         0.0286	         0
K	         0.7282	         1		         0.0281	         0
Q	         0.6925	         1		         0.0294	         0
a	         0.1976	         0		         0.0261	         0
l	         0.1147	         0		         0.0265	         0
e	         0.2234	         0		         0.0300	         0
t	         0.2510	         0		         0.0301	         0
v	         0.1312	         0		         0.0293	         0
q	         0.1942	         0		         0.0306	         0
r	         0.3946	         0		         0.0322	         0
l	         0.1375	         0		         0.0433	         0
l	         0.1087	         0		         0.0430	         0
p	         0.1627	         0		         0.0463	         0
v	         0.1331	         0		         0.0447	         0
l	         0.0908	         0		         0.0379	         0
c	         0.1227	         0		         0.0413	         0
q	         0.1838	         0		         0.0412	         0
a	         0.1733	         0		         0.0399	         0
h	         0.3991	         0		         0.0456	         0
g	         0.2574	         0		         0.0431	         0
l	         0.1784	         0		         0.0393	         0
T	         0.4868	         1		         0.0428	         0
p	         0.3873	         0		         0.0424	         0
q	         0.2334	         0		         0.0288	         0
q	         0.3897	         0		         0.0302	         0
v	         0.1736	         0		         0.0272	         0
v	         0.2110	         0		         0.0278	         0
a	         0.2803	         0		         0.0271	         0
i	         0.1775	         0		         0.0265	         0
a	         0.2799	         0		         0.0267	         0
S	         0.7455	         1		         0.0303	         0
N	         0.7686	         1		         0.0313	         0
G	         0.4746	         1		         0.0281	         0
G	         0.6835	         1		         0.0293	         0
G	         0.6504	         1		         0.0290	         0
K	         0.6984	         1		         0.0282	         0
Q	         0.6990	         1		         0.0297	         0
a	         0.1982	         0		         0.0263	         0
l	         0.1209	         0		         0.0263	         0
e	         0.2230	         0		         0.0303	         0
t	         0.2388	         0		         0.0303	         0
v	         0.1335	         0		         0.0298	         0
q	         0.1835	         0		         0.0307	         0
r	         0.3775	         0		         0.0308	         0
l	         0.1147	         0		         0.0432	         0
l	         0.1085	         0		         0.0424	         0
p	         0.1906	         0		         0.0461	         0
v	         0.1230	         0		         0.0438	         0
l	         0.1220	         0		         0.0333	         0
c	         0.1189	         0		         0.0351	         0
q	         0.1701	         0		         0.0352	         0
a	         0.2129	         0		         0.0345	         0
h	         0.4168	         0		         0.0383	         0
g	         0.2749	         0		         0.0366	         0
l	         0.1548	         0		         0.0328	         0
T	         0.5969	         1		         0.0365	         0
p	         0.2572	         0		         0.0347	         0
q	         0.2226	         0		         0.0268	         0
q	         0.3730	         0		         0.0288	         0
v	         0.1639	         0		         0.0261	         0
v	         0.1994	         0		         0.0269	         0
a	         0.2541	         0		         0.0262	         0
i	         0.1741	         0		         0.0258	         0
a	         0.2773	         0		         0.0259	         0
S	         0.7766	         1		         0.0290	         0
N	         0.7874	         1		         0.0302	         0
G	         0.5851	         1		         0.0278	         0
G	         0.6858	         1		         0.0285	         0
G	         0.5514	         1		         0.0276	         0
K	         0.7194	         1		         0.0278	         0
Q	         0.6946	         1		         0.0286	         0
a	         0.1903	         0		         0.0255	         0
l	         0.1072	         0		         0.0253	         0
e	         0.2077	         0		         0.0298	         0
t	         0.2408	         0		         0.0300	         0
v	         0.1349	         0		         0.0295	         0
q	         0.1808	         0		         0.0298	         0
r	         0.4290	         0		         0.0319	         0
l	         0.1223	         0		         0.0407	         0
l	         0.1117	         0		         0.0410	         0
p	         0.1696	         0		         0.0437	         0
v	         0.1182	         0		         0.0421	         0
l	         0.1160	         0		         0.0360	         0
c	         0.1299	         0		         0.0380	         0
q	         0.1734	         0		         0.0372	         0
a	         0.1802	         0		         0.0362	         0
h	         0.4086	         0		         0.0411	         0
g	         0.2197	         0		         0.0384	         0
l	         0.1396	         0		         0.0355	         0
T	         0.5384	         1		         0.0397	         0
p	         0.3129	         0		         0.0385	         0
q	         0.1836	         0		         0.0270	         0
q	         0.3082	         0		         0.0288	         0
v	         0.1617	         0		         0.0265	         0
v	         0.1530	         0		         0.0265	         0
a	         0.2562	         0		         0.0265	         0
i	         0.1744	         0		         0.0260	         0
a	         0.2741	         0		         0.0261	         0
S	         0.7697	         1		         0.0290	         0
N	         0.7777	         1		         0.0304	         0
n	         0.4624	         0		         0.0278	         0
G	         0.6704	         1		         0.0286	         0
G	         0.6259	         1		         0.0285	         0
K	         0.6622	         1		         0.0278	         0
Q	         0.6530	         1		         0.0293	         0
a	         0.1761	         0		         0.0257	         0
l	         0.1072	         0		         0.0256	         0
e	         0.1876	         0		         0.0316	         0
t	         0.1886	         0		         0.0317	         0
v	         0.1199	         0		         0.0313	         0
q	         0.1696	         0		         0.0323	         0
r	         0.4408	         0		         0.0338	         0
l	         0.1329	         0		         0.0403	         0
l	         0.1170	         0		         0.0405	         0
p	         0.1973	         0		         0.0433	         0
v	         0.1322	         0		         0.0418	         0
l	         0.1023	         0		         0.0346	         0
c	         0.1361	         0		         0.0378	         0
q	         0.1747	         0		         0.0365	         0
a	         0.1941	         0		         0.0360	         0
h	         0.4085	         0		         0.0404	         0
g	         0.2392	         0		         0.0384	         0
l	         0.1512	         0		         0.0353	         0
T	         0.5537	         1		         0.0402	         0
p	         0.3528	         0		         0.0390	         0
q	         0.2159	         0		         0.0267	         0
q	         0.4176	         0		         0.0291	         0
v	         0.1586	         0		         0.0258	         0
v	         0.2096	         0		         0.0268	         0
a	         0.2893	         0		         0.0261	         0
i	         0.1849	         0		         0.0254	         0
a	         0.2881	         0		         0.0256	         0
S	         0.7854	         1		         0.0290	         0
N	         0.7896	         1		         0.0299	         0
G	         0.6249	         1		         0.0281	         0
G	         0.6902	         1		         0.0280	         0
G	         0.6323	         1		         0.0274	         0
K	         0.6918	         1		         0.0270	         0
Q	         0.7133	         1		         0.0284	         0
a	         0.1988	         0		         0.0252	         0
l	         0.1161	         0		         0.0255	         0
e	         0.2222	         0		         0.0295	         0
t	         0.2089	         0		         0.0291	         0
v	         0.1308	         0		         0.0287	         0
q	         0.1923	         0		         0.0295	         0
r	         0.4051	         0		         0.0309	         0
l	         0.1211	         0		         0.0418	         0
l	         0.1166	         0		         0.0427	         0
p	         0.1569	         0		         0.0449	         0
v	         0.1114	         0		         0.0432	         0
l	         0.1173	         0		         0.0328	         0
c	         0.1233	         0		         0.0344	         0
q	         0.1708	         0		         0.0340	         0
a	         0.1782	         0		         0.0331	         0
h	         0.4063	         0		         0.0375	         0
g	         0.2581	         0		         0.0351	         0
l	         0.1459	         0		         0.0322	         0
T	         0.6042	         1		         0.0363	         0
p	         0.2831	         0		         0.0348	         0
q	         0.2683	         0		         0.0339	         0
q	         0.3889	         0		         0.0295	         0
v	         0.1685	         0		         0.0268	         0
v	         0.2336	         0		         0.0278	         0
a	         0.2543	         0		         0.0268	         0
i	         0.1828	         0		         0.0264	         0
a	         0.3540	         0		         0.0270	         0
S	         0.6473	         1		         0.0284	         0
N	         0.7561	         1		         0.0310	         0
n	         0.3099	         0		         0.0274	         0
G	         0.6736	         1		         0.0290	         0
G	         0.5446	         1		         0.0287	         0
K	         0.6672	         1		         0.0283	         0
Q	         0.6570	         1		         0.0297	         0
a	         0.1833	         0		         0.0262	         0
l	         0.1365	         0		         0.0263	         0
e	         0.1683	         0		         0.0308	         0
t	         0.1584	         0		         0.0307	         0
v	         0.1240	         0		         0.0313	         0
q	         0.1694	         0		         0.0323	         0
r	         0.3467	         0		         0.0327	         0
l	         0.1133	         0		         0.0453	         0
l	         0.1457	         0		         0.0469	         0
p	         0.1770	         0		         0.0498	         0
v	         0.1642	         0		         0.0481	         0
l	         0.1168	         0		         0.0361	         0
c	         0.1399	         0		         0.0386	         0
q	         0.2763	         0		         0.0392	         0
a	         0.1597	         0		         0.0367	         0
h	         0.2848	         0		         0.0399	         0
g	         0.1930	         0		         0.0386	         0
l	         0.1205	         0		         0.0359	         0
T	         0.5190	         1		         0.0409	         0
p	         0.2394	         0		         0.0392	         0
e	         0.2143	         0		         0.0341	         0
q	         0.2989	         0		         0.0310	         0
v	         0.1443	         0		         0.0279	         0
v	         0.2238	         0		         0.0293	         0
a	         0.2219	         0		         0.0280	         0
i	         0.2052	         0		         0.0273	         0
a	         0.3790	         0		         0.0278	         0
S	         0.6454	         1		         0.0295	         0
N	         0.7323	         1		         0.0318	         0
g	         0.3269	         0		         0.0279	         0
G	         0.6959	         1		         0.0295	         0
G	         0.6157	         1		         0.0295	         0
K	         0.7586	         1		         0.0291	         0
Q	         0.6482	         1		         0.0298	         0
a	         0.2154	         0		         0.0270	         0
l	         0.1679	         0		         0.0271	         0
e	         0.2093	         0		         0.0280	         0
t	         0.1769	         0		         0.0278	         0
v	         0.1447	         0		         0.0278	         0
q	         0.1771	         0		         0.0281	         0
r	         0.4019	         0		         0.0347	         0
l	         0.1105	         0		         0.0418	         0
l	         0.1440	         0		         0.0435	         0
p	         0.1574	         0		         0.0456	         0
v	         0.1446	         0		         0.0445	         0
l	         0.1431	         0		         0.0381	         0
c	         0.1275	         0		         0.0388	         0
q	         0.2767	         0		         0.0405	         0
a	         0.2042	         0		         0.0384	         0
h	         0.3246	         0		         0.0406	         0
g	         0.1981	         0		         0.0388	         0
l	         0.1174	         0		         0.0363	         0
T	         0.5058	         1		         0.0406	         0
p	         0.2399	         0		         0.0388	         0
e	         0.1685	         0		         0.0366	         0
q	         0.2849	         0		         0.0314	         0
v	         0.1367	         0		         0.0290	         0
v	         0.1819	         0		         0.0298	         0
a	         0.1576	         0		         0.0290	         0
i	         0.1427	         0		         0.0288	         0
a	         0.2621	         0		         0.0293	         0
S	         0.5594	         1		         0.0310	         0
H	         0.7025	         1		         0.0317	         0
d	         0.3205	         0		         0.0305	         0
G	         0.5546	         1		         0.0314	         0
g	         0.4309	         0		         0.0312	         0
K	         0.6073	         1		         0.0309	         0
Q	         0.5080	         1		         0.0314	         0
a	         0.1684	         0		         0.0285	         0
l	         0.1318	         0		         0.0286	         0
e	         0.1766	         0		         0.0342	         0
t	         0.1750	         0		         0.0342	         0
v	         0.1181	         0		         0.0336	         0
q	         0.1725	         0		         0.0346	         0
r	         0.2815	         0		         0.0389	         0
l	         0.1153	         0		         0.0500	         0
l	         0.1075	         0		         0.0404	         0
p	         0.1868	         0		         0.0436	         0
v	         0.1578	         0		         0.0430	         0
l	         0.1007	         0		         0.0316	         0
c	         0.1961	         0		         0.0350	         0
q	         0.2043	         0		         0.0334	         0
a	         0.1615	         0		         0.0324	         0
h	         0.4388	         0		         0.0368	         0
g	         0.2530	         0		         0.0350	         0
l	         0.1329	         0		         0.0317	         0
T	         0.6120	         1		         0.0359	         0
p	         0.2984	         0		         0.0341	         0
q	         0.1973	         0		         0.0328	         0
q	         0.3893	         0		         0.0340	         0
v	         0.1462	         0		         0.0309	         0
v	         0.1575	         0		         0.0316	         0
a	         0.1952	         0		         0.0309	         0
i	         0.1598	         0		         0.0289	         0
a	         0.2576	         0		         0.0291	         0
S	         0.6021	         1		         0.0321	         0
N	         0.6872	         1		         0.0329	         0
G	         0.5947	         1		         0.0330	         0
G	         0.6586	         1		         0.0339	         0
G	         0.5634	         1		         0.0336	         0
R	         0.7195	         1		         0.0324	         0
P	         0.6592	         1		         0.0332	         0
a	         0.1749	         0		         0.0292	         0
l	         0.0940	         0		         0.0284	         0
e	         0.1272	         0		         0.0296	         0
s	         0.1484	         0		         0.0299	         0
i	         0.1092	         0		         0.0289	         0
v	         0.1433	         0		         0.0295	         0
a	         0.1664	         0		         0.0316	         0
q	         0.2682	         0		         0.0497	         0
l	         0.1111	         0		         0.0450	         0
s	         0.2029	         0		         0.0498	         0
r	         0.3626	         0		         0.0495	         0
p	         0.1073	         0		         0.0451	         0
d	         0.1907	         0		         0.0477	         0
p	         0.1709	         0		         0.0467	         0
a	         0.1139	         0		         0.0439	         0
l	         0.1037	         0		         0.0427	         0
a	         0.1659	         0		         0.0447	         0
a	         0.1638	         0		         0.0441	         0
l	         0.1028	         0		         0.0419	         0
t	         0.3861	         0		         0.0467	         0
n	         0.2803	         0		         0.0470	         0
d	         0.1502	         0		         0.0430	         0
h	         0.3965	         0		         0.0458	         0
l	         0.1290	         0		         0.0425	         0
v	         0.1320	         0		         0.0438	         0
a	         0.1147	         0		         0.0342	         0
l	         0.1115	         0		         0.0340	         0
a	         0.1291	         0		         0.0339	         0
c	         0.1784	         0		         0.0373	         0
l	         0.2469	         0		         0.0358	         0
g	         0.3725	         0		         0.0395	         0
g	         0.3399	         0		         0.0395	         0
R	         0.5909	         1		         0.0396	         0
p	         0.4516	         0		         0.0395	         0
a	         0.1699	         0		         0.0349	         0
l	         0.0995	         0		         0.0344	         0
d	         0.1548	         0		         0.0374	         0
a	         0.1265	         0		         0.0353	         0
v	         0.1150	         0		         0.0349	         0
k	         0.2690	         0		         0.0388	         0
k	         0.2522	         0		         0.0417	         0
l	         0.1116	         0		         0.0381	         0
e	         0.1048	         0		         0.0376	         0
h	         0.3409	         0		         0.0474	         0
h	         0.3672	         0		         0.0477	         0
h	         0.3464	         0		         0.0515	         0
h	         0.3962	         0		         0.0554	         0
H	         0.5205	         1		         0.0688	         0
h	         0.4289	         0		         0.0619	         0
