0.0377	0.8527
0.0470	0.7735
0.1145	0.7230
0.1472	0.6814
0.1611	0.6336
0.2054	0.6076
0.1871	0.5618
0.2112	0.3971
0.1974	0.3691
0.1126	0.2640
0.0714	0.1273
0.0791	0.2075
0.0588	0.0593
0.0996	0.1401
0.1405	0.1510
0.0658	0.0677
0.1506	0.1378
0.0646	0.0498
0.1815	0.1438
0.1204	0.1752
0.1350	0.3251
0.1043	0.3401
0.1070	0.3231
0.1198	0.3820
0.2319	0.5368
0.0873	0.3372
0.0947	0.4438
0.0616	0.1506
0.0341	0.3564
0.0286	0.4571
0.0587	0.3308
0.0218	0.1189
0.0245	0.2171
0.0405	0.2706
0.0715	0.4822
0.0376	0.1570
0.0670	0.3725
0.1000	0.4939
0.0786	0.3598
0.1075	0.3081
0.0595	0.2803
0.0484	0.2695
0.0526	0.2975
0.0297	0.0984
0.0347	0.2095
0.0502	0.1823
0.0309	0.1110
0.0349	0.2550
0.0327	0.1628
0.0318	0.1919
0.0521	0.3638
0.0452	0.3284
0.0356	0.2427
0.0327	0.3746
0.0556	0.3977
0.0272	0.1338
0.0277	0.3376
0.0359	0.2635
0.0359	0.4739
0.0350	0.6018
0.0274	0.3083
0.0285	0.2917
0.0329	0.5183
0.0310	0.4978
0.0290	0.4077
0.0303	0.3410
0.0311	0.3318
0.0354	0.3301
0.0322	0.2451
0.0345	0.2686
0.0313	0.3109
0.0300	0.2062
0.0306	0.2448
0.0266	0.1504
0.0299	0.2084
0.0293	0.2376
0.0256	0.1225
0.0459	0.3140
0.0265	0.1647
0.0396	0.2313
0.0328	0.2641
0.0675	0.3503
0.0397	0.3710
0.0427	0.3751
0.0336	0.2855
0.0520	0.3278
0.0371	0.1829
0.0351	0.3645
0.0276	0.2065
0.0247	0.2531
0.0351	0.2484
0.0808	0.2753
0.0399	0.2544
0.0846	0.3975
0.1051	0.3718
0.0782	0.3543
0.1350	0.5826
0.0857	0.4345
0.1150	0.5489
0.0223	0.3317
0.0275	0.3927
0.0188	0.4621
0.0275	0.1589
0.0272	0.1287
0.1488	0.5639
0.1228	0.5282
0.0676	0.5100
0.0562	0.3486
0.0365	0.3066
0.0306	0.2133
0.0375	0.2756
0.0282	0.1692
0.0256	0.1056
0.0398	0.3844
0.0483	0.3578
0.0411	0.3139
0.0598	0.3718
0.0510	0.2945
0.0830	0.5575
0.0486	0.5216
0.0489	0.5000
0.0489	0.4393
0.0485	0.5684
0.0128	0.4907
0.0141	0.4808
0.0091	0.2507
0.0117	0.6202
0.0181	0.5753
0.0092	0.2372
0.0271	0.6015
0.0437	0.6819
0.0112	0.3048
