0.2718	0.0634
0.3284	0.0604
0.1562	0.0531
0.1502	0.0520
0.2733	0.0534
0.3458	0.0564
0.1862	0.0535
0.2717	0.0558
0.1030	0.0491
0.1994	0.0541
0.1601	0.0541
0.1165	0.0522
0.0803	0.0474
0.1061	0.0572
0.1145	0.0601
0.0839	0.0563
0.1334	0.0622
0.0959	0.0664
0.2375	0.0680
0.1657	0.0690
0.2521	0.0668
0.2292	0.0613
0.1817	0.0639
0.0969	0.0563
0.1069	0.0571
0.1348	0.0581
0.1126	0.0590
0.1015	0.0596
0.1187	0.0610
0.1079	0.0652
0.0901	0.0610
0.1026	0.0625
0.1113	0.0608
0.0900	0.0574
0.0956	0.0577
0.1550	0.0604
0.2011	0.0610
0.1334	0.0593
0.1395	0.0586
0.2193	0.0555
0.1920	0.0392
0.1059	0.0364
0.1779	0.0385
0.1439	0.0393
0.1433	0.0390
0.2447	0.0429
0.3063	0.0443
0.5411	0.0458
0.2532	0.0424
0.4203	0.0427
0.2157	0.0402
0.2173	0.0430
0.1586	0.0411
0.2916	0.0446
0.2488	0.0459
0.1227	0.0474
0.1019	0.0460
0.1539	0.0501
0.2180	0.0508
0.1226	0.0466
0.3070	0.0533
0.3482	0.0511
0.2709	0.0481
0.4343	0.0518
0.3460	0.0515
0.3596	0.0517
0.2289	0.0481
0.3042	0.0465
0.1658	0.0450
0.1182	0.0427
0.0971	0.0425
0.1201	0.0492
0.1096	0.0483
0.0996	0.0511
0.1176	0.0519
0.1155	0.0685
0.0900	0.0711
0.0845	0.0667
0.1039	0.0683
0.0867	0.0662
0.1023	0.0669
0.1093	0.0685
0.1222	0.0689
0.1259	0.0694
0.1453	0.0624
0.1178	0.0621
0.1212	0.0629
0.1510	0.0632
0.1312	0.0629
0.1262	0.0600
0.1043	0.0580
0.1869	0.0547
0.1279	0.0544
0.1092	0.0521
0.1736	0.0551
0.1717	0.0554
0.2288	0.0558
0.1975	0.0570
0.2892	0.0582
0.2093	0.0557
0.1456	0.0546
0.2020	0.0564
0.1197	0.0533
0.1594	0.0549
0.2077	0.0571
0.2084	0.0571
0.1334	0.0626
0.1494	0.0590
0.1555	0.0587
0.1213	0.0554
0.1347	0.0469
0.1199	0.0359
0.1093	0.0343
0.1201	0.0353
0.2730	0.0370
0.2834	0.0377
0.2069	0.0370
0.4110	0.0383
0.5926	0.0395
0.1945	0.0359
0.1652	0.0359
0.3535	0.0414
0.1638	0.0370
0.2636	0.0407
0.4869	0.0427
0.5310	0.0416
0.3160	0.0442
0.3126	0.0438
0.3915	0.0442
0.2261	0.0413
0.2156	0.0426
0.2056	0.0403
0.2614	0.0401
0.2874	0.0490
0.1251	0.0457
0.1340	0.0466
0.1097	0.0526
0.1080	0.0538
0.1002	0.0522
0.1051	0.0521
0.1845	0.0549
0.1452	0.0646
0.1614	0.0450
0.1877	0.0454
0.1487	0.0462
0.1507	0.0459
0.1250	0.0354
0.1574	0.0346
0.1865	0.0336
0.4014	0.0364
0.1910	0.0351
0.2799	0.0359
0.3235	0.0367
0.6182	0.0387
0.6549	0.0378
0.5292	0.0372
0.3053	0.0371
0.3610	0.0371
0.1543	0.0330
0.2136	0.0338
0.1908	0.0349
0.1507	0.0354
0.1286	0.0414
0.1379	0.0497
0.1943	0.0503
0.0917	0.0581
0.0833	0.0580
0.1055	0.0625
0.0950	0.0604
0.1274	0.0638
0.1017	0.0636
0.1222	0.0637
0.1521	0.0680
0.1093	0.0665
0.1353	0.0679
0.1136	0.0653
0.1650	0.0685
0.1302	0.0629
0.1435	0.0545
0.1518	0.0543
0.1243	0.0544
0.1219	0.0546
0.1165	0.0542
0.1192	0.0542
0.1936	0.0551
0.2697	0.0565
0.1287	0.0530
0.1734	0.0556
0.1616	0.0457
0.1416	0.0453
0.1704	0.0449
0.2741	0.0457
0.1985	0.0455
0.2401	0.0462
0.3039	0.0484
0.4239	0.0483
0.3817	0.0475
0.3204	0.0473
0.2721	0.0463
0.1655	0.0454
0.1376	0.0451
0.2528	0.0488
0.1750	0.0490
0.1513	0.0466
0.3760	0.0504
0.4079	0.0521
0.1323	0.0456
0.1080	0.0447
0.2080	0.0495
0.1264	0.0454
0.2407	0.0503
0.2050	0.0508
0.2467	0.0532
0.2411	0.0642
0.1908	0.0594
0.2687	0.0595
0.1234	0.0545
0.2338	0.0590
0.1175	0.0567
0.1114	0.0565
0.0914	0.0554
0.1131	0.0558
0.1066	0.0541
0.1364	0.0577
0.1091	0.0568
0.1447	0.0634
0.1571	0.0646
0.1324	0.0615
0.2109	0.0632
0.1820	0.0612
0.1314	0.0612
0.1269	0.0615
0.1133	0.0606
0.0942	0.0589
0.0875	0.0583
0.1291	0.0608
0.1083	0.0636
0.0909	0.0623
0.0981	0.0642
0.1021	0.0614
0.0832	0.0581
0.0838	0.0579
0.1202	0.0532
0.1197	0.0530
0.1876	0.0562
0.1687	0.0584
0.2179	0.0541
0.2096	0.0535
0.1664	0.0522
0.3032	0.0524
0.1441	0.0494
0.1623	0.0512
0.3004	0.0519
0.3445	0.0426
0.1208	0.0377
0.1641	0.0399
0.3541	0.0437
0.1724	0.0387
0.3771	0.0413
0.4685	0.0411
0.6038	0.0408
0.5603	0.0402
0.6192	0.0433
0.6347	0.0437
0.4344	0.0399
0.3487	0.0391
0.3303	0.0371
0.1404	0.0338
0.1048	0.0339
0.1536	0.0373
0.1161	0.0362
0.1038	0.0463
0.1637	0.0530
0.2037	0.0546
0.1014	0.0447
0.0958	0.0450
0.1627	0.0486
0.1473	0.0461
0.3151	0.0491
0.2224	0.0487
0.3385	0.0491
0.4051	0.0523
0.2723	0.0505
0.2808	0.0499
0.1659	0.0461
0.3785	0.0507
0.3077	0.0508
0.2693	0.0522
0.1313	0.0467
0.2198	0.0517
0.2111	0.0507
0.1487	0.0475
0.3076	0.0485
0.3065	0.0478
0.1901	0.0451
0.1941	0.0474
0.1373	0.0442
0.1795	0.0350
0.2269	0.0360
0.1739	0.0310
0.4052	0.0336
0.4223	0.0330
0.2475	0.0318
0.2644	0.0330
0.6298	0.0364
0.4683	0.0349
0.6824	0.0355
0.3263	0.0335
0.4630	0.0369
0.2574	0.0360
0.2846	0.0371
0.1769	0.0368
0.2269	0.0329
0.1392	0.0322
0.1830	0.0452
0.0886	0.0410
0.1176	0.0576
0.1299	0.0562
0.1433	0.0545
0.1377	0.0533
0.1687	0.0546
0.1566	0.0541
0.1441	0.0523
0.1603	0.0529
0.2970	0.0568
0.2380	0.0583
0.1449	0.0562
0.2460	0.0579
0.2476	0.0593
0.1331	0.0541
0.1181	0.0527
0.2102	0.0563
0.1510	0.0573
0.2034	0.0558
0.1580	0.0547
0.2568	0.0538
0.2540	0.0546
0.1790	0.0506
0.2238	0.0515
0.1409	0.0496
0.3205	0.0518
0.2077	0.0523
0.2342	0.0536
0.1135	0.0488
0.1510	0.0473
0.1691	0.0457
0.1343	0.0426
0.2396	0.0434
0.1971	0.0433
0.2492	0.0438
0.2141	0.0435
0.3809	0.0460
0.4428	0.0468
0.4611	0.0444
0.3337	0.0442
0.2744	0.0444
0.1537	0.0418
0.1427	0.0425
0.2417	0.0452
0.1869	0.0446
0.1467	0.0447
0.2579	0.0553
0.2463	0.0618
0.1065	0.0560
0.1023	0.0559
0.1889	0.0608
0.1032	0.0549
0.1385	0.0546
0.1251	0.0550
0.1470	0.0542
0.1700	0.0569
0.1606	0.0531
0.2262	0.0525
0.2020	0.0499
0.2988	0.0532
0.2151	0.0527
0.1561	0.0504
0.1368	0.0474
0.3373	0.0531
0.3480	0.0513
0.3544	0.0507
0.2833	0.0491
0.2240	0.0486
0.3667	0.0464
0.1618	0.0442
0.1720	0.0450
0.1915	0.0452
0.2440	0.0464
0.2694	0.0451
0.4028	0.0462
0.4619	0.0471
0.3665	0.0464
0.2407	0.0449
0.2182	0.0452
0.2337	0.0450
0.1640	0.0417
0.1401	0.0420
0.3097	0.0447
0.2491	0.0522
0.1761	0.0497
0.1602	0.0502
0.1538	0.0504
0.1067	0.0478
0.0947	0.0465
0.2050	0.0503
0.1296	0.0461
0.3530	0.0526
0.1895	0.0464
0.3550	0.0454
0.3079	0.0448
0.2381	0.0438
0.2049	0.0423
0.3943	0.0432
0.3331	0.0438
0.4864	0.0450
0.1803	0.0408
0.1988	0.0427
0.2659	0.0446
0.1884	0.0434
0.1357	0.0408
0.3932	0.0441
0.4066	0.0454
0.1523	0.0480
0.1317	0.0468
0.2261	0.0518
0.3229	0.0527
0.2649	0.0492
0.1334	0.0457
0.2090	0.0494
0.1728	0.0555
0.2278	0.0598
0.1683	0.0552
0.3152	0.0559
0.2292	0.0586
0.1682	0.0528
0.1925	0.0562
0.1404	0.0524
0.2293	0.0528
0.2910	0.0548
0.2623	0.0522
0.1507	0.0527
0.2021	0.0563
0.1901	0.0557
0.1227	0.0528
0.2287	0.0546
0.2384	0.0546
0.1420	0.0557
0.1643	0.0572
0.2441	0.0593
0.2773	0.0597
0.2553	0.0591
0.2552	0.0570
0.1872	0.0578
0.1142	0.0533
0.1086	0.0536
0.1491	0.0558
0.1732	0.0556
0.1694	0.0571
0.1520	0.0580
0.1927	0.0645
0.1044	0.0604
0.0955	0.0612
0.1715	0.0639
0.1137	0.0618
0.1737	0.0670
0.1342	0.0668
0.1428	0.0660
0.1406	0.0672
0.1285	0.0645
0.1613	0.0667
0.1231	0.0641
0.1164	0.0649
0.1393	0.0713
0.1416	0.0626
0.0986	0.0610
0.1181	0.0646
0.1026	0.0640
0.0930	0.0627
0.1292	0.0667
0.0857	0.0607
0.1918	0.0721
0.0854	0.0609
