m	         0.3274	         0		         0.0694	         0
H	         0.4770	         1		         0.0557	         0
H	         0.5045	         1		         0.0537	         0
H	         0.5409	         1		         0.0495	         0
H	         0.6344	         1		         0.0515	         0
H	         0.7312	         1		         0.0448	         0
H	         0.7213	         1		         0.0413	         0
S	         0.7177	         1		         0.0339	         0
S	         0.7410	         1		         0.0326	         0
g	         0.4025	         0		         0.0302	         0
R	         0.6782	         1		         0.0305	         0
e	         0.1950	         0		         0.0285	         0
n	         0.3135	         0		         0.0297	         0
l	         0.3288	         0		         0.0293	         0
Y	         0.6029	         1		         0.0350	         0
F	         0.5242	         1		         0.0276	         0
Q	         0.6059	         1		         0.0294	         0
G	         0.4925	         1		         0.0284	         0
S	         0.4816	         1		         0.0271	         0
N	         0.5455	         1		         0.0306	         0
K	         0.6906	         1		         0.0282	         0
K	         0.7629	         1		         0.0308	         0
R	         0.8287	         1		         0.0314	         0
K	         0.6612	         1		         0.0309	         0
R	         0.7368	         1		         0.0331	         0
c	         0.1494	         0		         0.0327	         0
g	         0.3871	         0		         0.0312	         0
v	         0.1955	         0		         0.0266	         0
c	         0.1025	         0		         0.0298	         0
v	         0.1407	         0		         0.0267	         0
p	         0.1304	         0		         0.0323	         0
c	         0.0870	         0		         0.0354	         0
l	         0.1229	         0		         0.0464	         0
r	         0.2655	         0		         0.0491	         0
k	         0.2727	         0		         0.0456	         0
e	         0.1437	         0		         0.0409	         0
p	         0.2954	         0		         0.0474	         0
c	         0.1246	         0		         0.0496	         0
g	         0.3234	         0		         0.0452	         0
a	         0.1788	         0		         0.0248	         0
c	         0.1110	         0		         0.0280	         0
Y	         0.5267	         1		         0.0259	         0
N	         0.5383	         1		         0.0301	         0
c	         0.1099	         0		         0.0291	         0
v	         0.2348	         0		         0.0221	         0
N	         0.5774	         1		         0.0233	         0
R	         0.8652	         1		         0.0267	         0
S	         0.8271	         1		         0.0264	         0
T	         0.7972	         1		         0.0242	         0
S	         0.6657	         1		         0.0249	         0
H	         0.6277	         1		         0.0256	         0
Q	         0.5332	         1		         0.0254	         0
i	         0.2719	         0		         0.0228	         0
c	         0.1873	         0		         0.0274	         0
k	         0.3928	         0		         0.0298	         0
m	         0.2200	         0		         0.0296	         0
R	         0.6115	         1		         0.0426	         0
K	         0.5607	         1		         0.0445	         0
c	         0.1134	         0		         0.0419	         0
e	         0.1404	         0		         0.0362	         0
q	         0.2037	         0		         0.0360	         0
l	         0.1151	         0		         0.0330	         0
k	         0.4011	         0		         0.0390	         0
k	         0.3362	         0		         0.0372	         0
K	         0.6126	         1		         0.0452	         0
r	         0.3249	         0		         0.0402	         0
v	         0.2415	         0		         0.0381	         0
v	         0.1975	         0		         0.0360	         0
p	         0.2147	         0		         0.0358	         0
m	         0.1478	         0		         0.0368	         0
k	         0.2222	         0		         0.0357	         0
g	         0.2750	         0		         0.0365	         0
