0.0734	0.1586
0.0662	0.1468
0.0690	0.1670
0.0885	0.1371
0.0765	0.1689
0.0615	0.0767
0.0759	0.1602
0.0641	0.0786
0.0688	0.0983
0.0687	0.1005
0.0663	0.0598
0.1178	0.1388
0.0840	0.1271
0.0665	0.0647
0.1167	0.1156
0.0945	0.0908
0.1951	0.1608
0.0801	0.0863
0.1127	0.1091
0.0720	0.0783
0.0764	0.0943
0.0609	0.0666
0.0742	0.0839
0.1119	0.1464
0.0678	0.1231
0.0742	0.1087
0.0994	0.1498
0.0597	0.0615
0.0577	0.0618
0.0723	0.1041
0.0660	0.0945
0.0660	0.0797
0.1758	0.1689
0.1263	0.1452
0.2392	0.1508
0.1281	0.1550
0.1534	0.1314
0.0751	0.0816
0.1301	0.1381
0.1468	0.1170
0.1375	0.1460
0.1072	0.1209
0.0887	0.1339
0.1089	0.1064
0.0915	0.0855
0.1205	0.1536
0.1247	0.1182
0.1417	0.1437
0.1381	0.1590
0.1261	0.1242
0.1050	0.1264
0.0702	0.0860
0.0726	0.1190
0.0617	0.0691
0.0676	0.0808
0.0711	0.1452
0.0674	0.0817
0.0797	0.1082
0.0750	0.1301
0.0796	0.1364
0.0798	0.1040
0.1449	0.0864
0.1041	0.1015
0.0652	0.0637
0.0583	0.0615
0.0900	0.1254
0.0697	0.0683
0.2235	0.1579
0.1202	0.1092
0.1307	0.0913
0.1621	0.1105
0.1488	0.1203
0.0797	0.1075
0.0673	0.0840
0.0803	0.1054
0.0563	0.0756
0.0594	0.0890
0.0557	0.0739
0.0610	0.0804
0.0631	0.0751
0.0977	0.1044
0.1513	0.1306
0.1177	0.1336
0.1701	0.1484
0.1194	0.1059
0.2348	0.1475
0.2295	0.1690
0.2009	0.1599
0.1767	0.1460
0.0750	0.0854
0.0611	0.0581
0.0688	0.0785
0.0650	0.0633
0.0650	0.0672
0.0738	0.0968
0.1263	0.1135
0.1352	0.1399
0.1423	0.2127
0.0778	0.1039
0.1353	0.1662
0.0622	0.0615
0.0635	0.1335
0.0652	0.0911
0.0654	0.0783
0.0664	0.0709
0.2226	0.2085
0.1518	0.1565
0.1914	0.2361
0.2211	0.2272
0.1192	0.1915
0.0778	0.0732
0.2835	0.1993
0.1286	0.1120
0.1769	0.1535
0.0851	0.1075
0.0759	0.1012
0.0703	0.0758
0.1085	0.1376
0.0594	0.0545
0.0927	0.1490
0.0623	0.0787
0.1005	0.2150
0.0667	0.1034
0.0668	0.1396
0.0678	0.1307
0.0623	0.1036
0.0624	0.0834
0.0668	0.0842
0.1173	0.1434
0.0653	0.0877
0.1019	0.1212
0.0610	0.0586
0.0652	0.0702
0.0905	0.0835
0.0971	0.1541
0.1447	0.1216
0.1076	0.1098
0.1151	0.1171
0.2386	0.2222
0.1948	0.1757
0.1138	0.1422
0.0675	0.0829
0.0939	0.1379
0.0819	0.1736
0.0471	0.0864
0.0449	0.1080
0.0449	0.1427
0.0478	0.1198
