S	         0.4969	         1		         0.0444	         0
l	         0.1018	         0		         0.0371	         0
g	         0.2184	         0		         0.0404	         0
s	         0.2189	         0		         0.0394	         0
l	         0.1063	         0		         0.0371	         0
t	         0.1483	         0		         0.0382	         0
i	         0.1264	         0		         0.0379	         0
a	         0.1088	         0		         0.0380	         0
e	         0.1296	         0		         0.0592	         0
p	         0.1676	         0		         0.0443	         0
a	         0.1153	         0		         0.0396	         0
m	         0.1802	         0		         0.0434	         0
i	         0.1627	         0		         0.0431	         0
a	         0.2148	         0		         0.0425	         0
e	         0.2355	         0		         0.0442	         0
c	         0.1046	         0		         0.0457	         0
K	         0.4860	         1		         0.0454	         0
t	         0.2182	         0		         0.0453	         0
r	         0.4725	         0		         0.0454	         0
t	         0.1945	         0		         0.0404	         0
e	         0.2381	         0		         0.0413	         0
v	         0.1301	         0		         0.0393	         0
f	         0.1535	         0		         0.0403	         0
e	         0.1872	         0		         0.0429	         0
i	         0.1016	         0		         0.0397	         0
s	         0.1602	         0		         0.0435	         0
r	         0.3338	         0		         0.0569	         0
r	         0.1888	         0		         0.0514	         0
l	         0.2022	         0		         0.0518	         0
i	         0.2327	         0		         0.0526	         0
d	         0.2113	         0		         0.0551	         0
r	         0.3266	         0		         0.0556	         0
t	         0.2581	         0		         0.0531	         0
n	         0.2161	         0		         0.0525	         0
a	         0.2059	         0		         0.0521	         0
n	         0.2820	         0		         0.0544	         0
f	         0.2038	         0		         0.0530	         0
l	         0.1537	         0		         0.0514	         0
v	         0.1631	         0		         0.0573	         0
w	         0.3229	         0		         0.0531	         0
p	         0.1437	         0		         0.0323	         0
p	         0.2306	         0		         0.0333	         0
c	         0.0921	         0		         0.0337	         0
v	         0.1762	         0		         0.0289	         0
e	         0.2318	         0		         0.0307	         0
v	         0.1256	         0		         0.0272	         0
q	         0.4194	         0		         0.0324	         0
R	         0.7572	         1		         0.0336	         0
c	         0.1196	         0		         0.0331	         0
S	         0.5404	         1		         0.0324	         0
G	         0.5370	         1		         0.0331	         0
c	         0.1327	         0		         0.0380	         0
c	         0.1335	         0		         0.0360	         0
N	         0.6212	         1		         0.0322	         0
N	         0.5564	         1		         0.0332	         0
r	         0.4124	         0		         0.0374	         0
n	         0.4110	         0		         0.0381	         0
v	         0.1910	         0		         0.0343	         0
q	         0.4525	         0		         0.0390	         0
c	         0.1305	         0		         0.0416	         0
R	         0.5626	         1		         0.0379	         0
p	         0.3191	         0		         0.0389	         0
t	         0.4131	         0		         0.0399	         0
q	         0.2914	         0		         0.0407	         0
v	         0.4065	         0		         0.0421	         0
q	         0.3219	         0		         0.0390	         0
L	         0.4746	         1		         0.0389	         0
r	         0.3152	         0		         0.0367	         0
p	         0.3864	         0		         0.0461	         0
v	         0.2817	         0		         0.0485	         0
q	         0.3535	         0		         0.0481	         0
v	         0.1441	         0		         0.0420	         0
r	         0.2528	         0		         0.0438	         0
k	         0.3797	         0		         0.0444	         0
i	         0.1829	         0		         0.0428	         0
e	         0.2704	         0		         0.0476	         0
i	         0.1927	         0		         0.0468	         0
v	         0.2448	         0		         0.0481	         0
r	         0.3487	         0		         0.0475	         0
k	         0.4068	         0		         0.0493	         0
k	         0.4586	         0		         0.0515	         0
p	         0.2579	         0		         0.0515	         0
i	         0.2565	         0		         0.0486	         0
f	         0.2625	         0		         0.0481	         0
k	         0.4309	         0		         0.0483	         0
k	         0.3146	         0		         0.0471	         0
a	         0.1735	         0		         0.0429	         0
t	         0.1677	         0		         0.0434	         0
v	         0.1418	         0		         0.0443	         0
t	         0.3385	         0		         0.0481	         0
l	         0.1203	         0		         0.0435	         0
e	         0.1294	         0		         0.0442	         0
d	         0.1457	         0		         0.0519	         0
h	         0.2350	         0		         0.0589	         0
l	         0.1147	         0		         0.0505	         0
a	         0.1156	         0		         0.0514	         0
c	         0.0818	         0		         0.0574	         0
k	         0.1477	         0		         0.0631	         0
c	         0.0799	         0		         0.0691	         0
e	         0.1126	         0		         0.0612	         0
t	         0.0948	         0		         0.0646	         0
v	         0.0836	         0		         0.0658	         0
