A	         0.0547	         0		         0.1784	         1
E	         0.0511	         0		         0.1966	         1
R	         0.0691	         0		         0.3065	         1
S	         0.0734	         0		         0.2871	         1
l	         0.0499	         0		         0.0897	         0
l	         0.0505	         0		         0.0971	         0
T	         0.0736	         0		         0.1914	         1
G	         0.0603	         0		         0.1716	         1
e	         0.0519	         0		         0.1030	         0
e	         0.0526	         0		         0.0971	         0
G	         0.0693	         0		         0.1795	         1
w	         0.0717	         0		         0.1378	         0
R	         0.0663	         0		         0.1629	         1
T	         0.1021	         0		         0.2888	         1
Y	         0.0666	         0		         0.1600	         1
K	         0.0954	         0		         0.3732	         1
a	         0.0437	         0		         0.1214	         0
T	         0.0552	         0		         0.2595	         1
G	         0.0509	         0		         0.2152	         1
P	         0.0530	         0		         0.3004	         1
R	         0.0943	         0		         0.3832	         1
l	         0.0515	         0		         0.1124	         0
S	         0.0855	         0		         0.4252	         1
l	         0.0499	         0		         0.1380	         0
P	         0.0541	         0		         0.2848	         1
R	         0.0778	         0		         0.3544	         1
l	         0.0546	         0		         0.1207	         0
V	         0.0538	         0		         0.1614	         1
a	         0.0558	         0		         0.1455	         0
L	         0.0544	         0		         0.1544	         1
l	         0.0544	         0		         0.0883	         0
K	         0.0926	         0		         0.3180	         1
G	         0.0661	         0		         0.1892	         1
q	         0.0582	         0		         0.1177	         0
G	         0.0688	         0		         0.1751	         1
l	         0.0564	         0		         0.0801	         0
e	         0.0630	         0		         0.1243	         0
v	         0.0579	         0		         0.0944	         0
G	         0.0672	         0		         0.1666	         1
K	         0.0869	         0		         0.2248	         1
v	         0.0561	         0		         0.0909	         0
a	         0.0615	         0		         0.1056	         0
e	         0.0594	         0		         0.1148	         0
a	         0.0605	         0		         0.1230	         0
e	         0.0602	         0		         0.1284	         0
g	         0.0582	         0		         0.1318	         0
g	         0.0526	         0		         0.1170	         0
f	         0.0519	         0		         0.1154	         0
Y	         0.0745	         0		         0.2060	         1
v	         0.0509	         0		         0.1046	         0
D	         0.0516	         0		         0.1860	         1
l	         0.0484	         0		         0.0910	         0
R	         0.0686	         0		         0.2376	         1
P	         0.0519	         0		         0.1747	         1
E	         0.0534	         0		         0.1728	         1
A	         0.0520	         0		         0.1549	         1
r	         0.0508	         0		         0.1106	         0
p	         0.0516	         0		         0.1079	         0
e	         0.0513	         0		         0.1155	         0
v	         0.0520	         0		         0.1448	         0
A	         0.0568	         0		         0.2025	         1
G	         0.0532	         0		         0.1686	         1
l	         0.0499	         0		         0.0873	         0
R	         0.0668	         0		         0.2287	         1
l	         0.0504	         0		         0.0857	         0
e	         0.0520	         0		         0.1219	         0
P	         0.0539	         0		         0.1751	         1
a	         0.0512	         0		         0.1249	         0
R	         0.0633	         0		         0.1859	         1
R	         0.0836	         0		         0.3026	         1
v	         0.0525	         0		         0.1301	         0
E	         0.0539	         0		         0.1598	         1
g	         0.0523	         0		         0.1235	         0
l	         0.0497	         0		         0.0899	         0
l	         0.0508	         0		         0.0974	         0
e	         0.0474	         0		         0.0813	         0
i	         0.0486	         0		         0.0827	         0
P	         0.0520	         0		         0.2163	         1
S	         0.0593	         0		         0.2779	         1
R	         0.0750	         0		         0.2944	         1
T	         0.0644	         0		         0.2973	         1
R	         0.1265	         0		         0.5027	         1
R	         0.1284	         0		         0.4971	         1
P	         0.0640	         0		         0.3787	         1
A	         0.0551	         0		         0.2457	         1
R	         0.0639	         0		         0.3013	         1
A	         0.0512	         0		         0.3044	         1
