0.5932	0.0310
0.7634	0.0399
0.7862	0.0493
0.4717	0.0539
0.3386	0.0365
0.2877	0.0345
0.2857	0.0403
0.1577	0.0308
0.4050	0.0370
0.5431	0.0415
0.4705	0.0392
0.1755	0.0316
0.5029	0.0403
0.6448	0.0406
0.7084	0.0433
0.2521	0.0297
0.7632	0.0502
0.5118	0.0392
0.1913	0.0285
0.7788	0.0496
0.4540	0.0335
0.5257	0.0355
0.6764	0.0360
0.6223	0.0369
0.2449	0.0275
0.7028	0.0351
0.4704	0.0325
0.3898	0.0364
0.2952	0.0362
0.1660	0.0313
0.3042	0.0287
0.4446	0.0329
0.4589	0.0323
0.2657	0.0307
0.5652	0.0345
0.2480	0.0277
0.7365	0.0384
0.8203	0.0369
0.7763	0.0267
0.7811	0.0264
0.3210	0.0204
0.7758	0.0292
0.7890	0.0274
0.4732	0.0223
0.4319	0.0212
0.9043	0.0309
0.7855	0.0293
0.7730	0.0266
0.8516	0.0291
0.8164	0.0332
0.6076	0.0251
0.8299	0.0357
0.2936	0.0223
0.5968	0.0305
0.3232	0.0294
0.1303	0.0242
0.2239	0.0299
0.4656	0.0332
0.1260	0.0247
0.1503	0.0384
0.4071	0.0506
0.1831	0.0482
0.1348	0.0438
0.3927	0.0564
0.2277	0.0444
0.4547	0.0524
0.1717	0.0449
0.2808	0.0492
0.2442	0.0462
0.1166	0.0421
0.1213	0.0444
0.1764	0.0492
0.1491	0.0500
0.1104	0.0482
0.1159	0.0483
0.1916	0.0568
0.1371	0.0558
0.1269	0.0497
0.2276	0.0676
0.3012	0.0561
0.4023	0.0713
0.0984	0.0499
