d	         0.1234	         0		         0.0552	         0
n	         0.1849	         0		         0.0554	         0
v	         0.1170	         0		         0.0426	         0
m	         0.1284	         0		         0.0428	         0
v	         0.1061	         0		         0.0363	         0
s	         0.1458	         0		         0.0379	         0
i	         0.1078	         0		         0.0357	         0
g	         0.2533	         0		         0.0378	         0
p	         0.2191	         0		         0.0385	         0
n	         0.4217	         0		         0.0387	         0
n	         0.2537	         0		         0.0379	         0
T	         0.5413	         1		         0.0391	         0
c	         0.2539	         0		         0.0382	         0
v	         0.1269	         0		         0.0364	         0
p	         0.2042	         0		         0.0382	         0
a	         0.1450	         0		         0.0369	         0
s	         0.2311	         0		         0.0383	         0
v	         0.1212	         0		         0.0367	         0
f	         0.1254	         0		         0.0367	         0
e	         0.2482	         0		         0.0399	         0
n	         0.2733	         0		         0.0397	         0
i	         0.1262	         0		         0.0384	         0
n	         0.3979	         0		         0.0414	         0
W	         0.5099	         1		         0.0410	         0
s	         0.3851	         0		         0.0418	         0
v	         0.3091	         0		         0.0420	         0
c	         0.3011	         0		         0.0415	         0
s	         0.3378	         0		         0.0435	         0
l	         0.1223	         0		         0.0397	         0
a	         0.1113	         0		         0.0392	         0
t	         0.3255	         0		         0.0439	         0
r	         0.3810	         0		         0.0501	         0
k	         0.2163	         0		         0.0491	         0
l	         0.0874	         0		         0.0432	         0
l	         0.0848	         0		         0.0433	         0
v	         0.1207	         0		         0.0461	         0
t	         0.1268	         0		         0.0453	         0
i	         0.0914	         0		         0.0435	         0
f	         0.1268	         0		         0.0459	         0
d	         0.1814	         0		         0.0397	         0
r	         0.3866	         0		         0.0376	         0
e	         0.1280	         0		         0.0356	         0
t	         0.1757	         0		         0.0316	         0
l	         0.0912	         0		         0.0295	         0
a	         0.1235	         0		         0.0303	         0
t	         0.3780	         0		         0.0328	         0
H	         0.5324	         1		         0.0345	         0
S	         0.5697	         1		         0.0338	         0
v	         0.1389	         0		         0.0302	         0
T	         0.6741	         1		         0.0342	         0
g	         0.4114	         0		         0.0344	         0
K	         0.5606	         1		         0.0346	         0
p	         0.2570	         0		         0.0347	         0
s	         0.3326	         0		         0.0351	         0
p	         0.1855	         0		         0.0360	         0
a	         0.1305	         0		         0.0316	         0
f	         0.2613	         0		         0.0382	         0
k	         0.3560	         0		         0.0417	         0
d	         0.2127	         0		         0.0418	         0
q	         0.1702	         0		         0.0502	         0
d	         0.1407	         0		         0.0482	         0
k	         0.3860	         0		         0.0521	         0
p	         0.1555	         0		         0.0499	         0
l	         0.1115	         0		         0.0457	         0
k	         0.2130	         0		         0.0510	         0
r	         0.1525	         0		         0.0483	         0
m	         0.1518	         0		         0.0492	         0
l	         0.0844	         0		         0.0436	         0
d	         0.1241	         0		         0.0488	         0
p	         0.1338	         0		         0.0622	         0
g	         0.1159	         0		         0.0592	         0
k	         0.2140	         0		         0.0606	         0
i	         0.1076	         0		         0.0575	         0
q	         0.1548	         0		         0.0479	         0
d	         0.1752	         0		         0.0395	         0
i	         0.0975	         0		         0.0372	         0
i	         0.1063	         0		         0.0374	         0
f	         0.1448	         0		         0.0382	         0
a	         0.1031	         0		         0.0376	         0
v	         0.1235	         0		         0.0383	         0
t	         0.3554	         0		         0.0398	         0
H	         0.5319	         1		         0.0403	         0
K	         0.4981	         1		         0.0397	         0
c	         0.1311	         0		         0.0392	         0
n	         0.2299	         0		         0.0390	         0
a	         0.1363	         0		         0.0385	         0
s	         0.1876	         0		         0.0387	         0
e	         0.1225	         0		         0.0378	         0
k	         0.3759	         0		         0.0392	         0
e	         0.1477	         0		         0.0388	         0
v	         0.1165	         0		         0.0384	         0
r	         0.3215	         0		         0.0392	         0
n	         0.2980	         0		         0.0392	         0
a	         0.1381	         0		         0.0382	         0
i	         0.1327	         0		         0.0381	         0
T	         0.4929	         1		         0.0400	         0
t	         0.4550	         0		         0.0399	         0
k	         0.3876	         0		         0.0403	         0
c	         0.1001	         0		         0.0403	         0
a	         0.1681	         0		         0.0389	         0
d	         0.1953	         0		         0.0414	         0
e	         0.1324	         0		         0.0394	         0
n	         0.1895	         0		         0.0406	         0
k	         0.3776	         0		         0.0425	         0
m	         0.2804	         0		         0.0389	         0
m	         0.1888	         0		         0.0252	         0
k	         0.4617	         0		         0.0256	         0
i	         0.1437	         0		         0.0246	         0
q	         0.2714	         0		         0.0254	         0
n	         0.3538	         0		         0.0261	         0
v	         0.3723	         0		         0.0260	         0
K	         0.5894	         1		         0.0271	         0
R	         0.8122	         1		         0.0293	         0
R	         0.6108	         1		         0.0291	         0
S	         0.6795	         1		         0.0268	         0
