m	         0.1582	         0		         0.0583	         0
l	         0.1215	         0		         0.0485	         0
i	         0.1787	         0		         0.0484	         0
r	         0.2592	         0		         0.0472	         0
r	         0.4605	         0		         0.0526	         0
l	         0.1270	         0		         0.0372	         0
K	         0.5818	         1		         0.0567	         0
d	         0.3316	         0		         0.0506	         0
a	         0.1726	         0		         0.0361	         0
R	         0.6005	         1		         0.0450	         0
l	         0.4449	         0		         0.0390	         0
R	         0.5458	         1		         0.0389	         0
A	         0.5339	         1		         0.0394	         0
G	         0.4859	         1		         0.0393	         0
i	         0.1969	         0		         0.0321	         0
S	         0.7020	         1		         0.0410	         0
q	         0.4539	         0		         0.0359	         0
e	         0.4185	         0		         0.0340	         0
k	         0.4057	         0		         0.0325	         0
l	         0.1495	         0		         0.0295	         0
g	         0.2391	         0		         0.0309	         0
v	         0.3374	         0		         0.0334	         0
l	         0.2340	         0		         0.0316	         0
a	         0.1673	         0		         0.0360	         0
G	         0.5042	         1		         0.0418	         0
i	         0.2170	         0		         0.0316	         0
D	         0.4909	         1		         0.0319	         0
e	         0.4619	         0		         0.0305	         0
A	         0.6104	         1		         0.0311	         0
s	         0.4723	         0		         0.0293	         0
A	         0.4965	         1		         0.0291	         0
S	         0.6050	         1		         0.0317	         0
A	         0.7201	         1		         0.0301	         0
R	         0.7673	         1		         0.0326	         0
m	         0.2109	         0		         0.0272	         0
N	         0.6125	         1		         0.0331	         0
Q	         0.5556	         1		         0.0337	         0
Y	         0.5113	         1		         0.0305	         0
e	         0.1909	         0		         0.0284	         0
K	         0.7272	         1		         0.0392	         0
g	         0.4537	         0		         0.0392	         0
K	         0.5186	         1		         0.0413	         0
H	         0.5384	         1		         0.0410	         0
a	         0.3256	         0		         0.0358	         0
p	         0.2258	         0		         0.0362	         0
d	         0.3863	         0		         0.0376	         0
f	         0.1772	         0		         0.0310	         0
e	         0.2796	         0		         0.0452	         0
m	         0.2912	         0		         0.0432	         0
a	         0.1323	         0		         0.0385	         0
n	         0.2546	         0		         0.0463	         0
R	         0.5108	         1		         0.0480	         0
l	         0.1313	         0		         0.0391	         0
a	         0.1776	         0		         0.0419	         0
k	         0.4193	         0		         0.0509	         0
v	         0.1578	         0		         0.0459	         0
l	         0.1126	         0		         0.0419	         0
k	         0.4044	         0		         0.0541	         0
i	         0.1428	         0		         0.0459	         0
p	         0.2605	         0		         0.0596	         0
v	         0.1331	         0		         0.0497	         0
s	         0.2061	         0		         0.0544	         0
y	         0.3094	         0		         0.0561	         0
l	         0.0984	         0		         0.0465	         0
y	         0.1587	         0		         0.0504	         0
t	         0.1600	         0		         0.0598	         0
p	         0.1332	         0		         0.0601	         0
e	         0.1252	         0		         0.0604	         0
d	         0.1592	         0		         0.0616	         0
d	         0.1239	         0		         0.0594	         0
l	         0.1098	         0		         0.0701	         0
a	         0.1229	         0		         0.0670	         0
q	         0.1282	         0		         0.0649	         0
i	         0.1114	         0		         0.0602	         0
i	         0.1161	         0		         0.0562	         0
l	         0.1344	         0		         0.0559	         0
t	         0.1333	         0		         0.0579	         0
w	         0.1427	         0		         0.0578	         0
n	         0.2111	         0		         0.0464	         0
e	         0.2350	         0		         0.0452	         0
l	         0.1266	         0		         0.0386	         0
n	         0.2845	         0		         0.0458	         0
e	         0.1949	         0		         0.0437	         0
q	         0.2391	         0		         0.0472	         0
e	         0.2275	         0		         0.0451	         0
R	         0.5157	         1		         0.0488	         0
K	         0.5435	         1		         0.0456	         0
R	         0.5022	         1		         0.0453	         0
i	         0.1543	         0		         0.0381	         0
n	         0.2280	         0		         0.0448	         0
f	         0.3803	         0		         0.0381	         0
y	         0.3763	         0		         0.0399	         0
i	         0.1433	         0		         0.0303	         0
R	         0.5517	         1		         0.0455	         0
k	         0.4642	         0		         0.0460	         0
k	         0.3341	         0		         0.0441	         0
a	         0.3058	         0		         0.0436	         0
K	         0.7467	         1		         0.0373	         0
