m	         0.1906	         0		         0.0642	         0
s	         0.1888	         0		         0.0598	         0
s	         0.2211	         0		         0.0649	         0
q	         0.0966	         0		         0.0596	         0
f	         0.0836	         0		         0.0595	         0
i	         0.0878	         0		         0.0574	         0
f	         0.1042	         0		         0.0660	         0
e	         0.1159	         0		         0.0634	         0
d	         0.1104	         0		         0.0673	         0
v	         0.0969	         0		         0.0598	         0
p	         0.1095	         0		         0.0617	         0
q	         0.1431	         0		         0.0664	         0
r	         0.2097	         0		         0.0644	         0
n	         0.1900	         0		         0.0654	         0
a	         0.1996	         0		         0.0643	         0
a	         0.2374	         0		         0.0661	         0
t	         0.1987	         0		         0.0639	         0
f	         0.1141	         0		         0.0648	         0
n	         0.1279	         0		         0.0621	         0
p	         0.1139	         0		         0.0638	         0
e	         0.1103	         0		         0.0589	         0
v	         0.1058	         0		         0.0563	         0
g	         0.1279	         0		         0.0536	         0
y	         0.2441	         0		         0.0510	         0
v	         0.1295	         0		         0.0457	         0
a	         0.1561	         0		         0.0466	         0
f	         0.1590	         0		         0.0540	         0
i	         0.1360	         0		         0.0490	         0
g	         0.1891	         0		         0.0472	         0
k	         0.3387	         0		         0.0490	         0
y	         0.4370	         0		         0.0533	         0
g	         0.3754	         0		         0.0501	         0
q	         0.3185	         0		         0.0492	         0
q	         0.2953	         0		         0.0503	         0
l	         0.1076	         0		         0.0411	         0
n	         0.4292	         0		         0.0502	         0
f	         0.1582	         0		         0.0463	         0
g	         0.2322	         0		         0.0490	         0
v	         0.2760	         0		         0.0495	         0
a	         0.1326	         0		         0.0430	         0
r	         0.4279	         0		         0.0548	         0
v	         0.1303	         0		         0.0430	         0
f	         0.1436	         0		         0.0496	         0
f	         0.1835	         0		         0.0521	         0
l	         0.0957	         0		         0.0415	         0
n	         0.3424	         0		         0.0537	         0
q	         0.1842	         0		         0.0478	         0
k	         0.3082	         0		         0.0531	         0
k	         0.2864	         0		         0.0557	         0
a	         0.1167	         0		         0.0468	         0
k	         0.3676	         0		         0.0633	         0
m	         0.1708	         0		         0.0564	         0
v	         0.1715	         0		         0.0543	         0
l	         0.0920	         0		         0.0464	         0
h	         0.2808	         0		         0.0558	         0
k	         0.3389	         0		         0.0587	         0
t	         0.3205	         0		         0.0594	         0
a	         0.1848	         0		         0.0554	         0
q	         0.1607	         0		         0.0555	         0
p	         0.1828	         0		         0.0567	         0
s	         0.1747	         0		         0.0540	         0
v	         0.1179	         0		         0.0519	         0
d	         0.2494	         0		         0.0586	         0
l	         0.1013	         0		         0.0486	         0
t	         0.3011	         0		         0.0596	         0
f	         0.1221	         0		         0.0543	         0
g	         0.1832	         0		         0.0575	         0
g	         0.2889	         0		         0.0538	         0
v	         0.1732	         0		         0.0438	         0
k	         0.3319	         0		         0.0500	         0
f	         0.1378	         0		         0.0438	         0
t	         0.1805	         0		         0.0461	         0
v	         0.1182	         0		         0.0444	         0
v	         0.1448	         0		         0.0460	         0
n	         0.3743	         0		         0.0543	         0
n	         0.4477	         0		         0.0542	         0
h	         0.2491	         0		         0.0564	         0
f	         0.1446	         0		         0.0528	         0
p	         0.1246	         0		         0.0523	         0
q	         0.1510	         0		         0.0507	         0
y	         0.3124	         0		         0.0528	         0
v	         0.2361	         0		         0.0499	         0
s	         0.1931	         0		         0.0527	         0
n	         0.1636	         0		         0.0580	         0
p	         0.1422	         0		         0.0636	         0
v	         0.0970	         0		         0.0530	         0
p	         0.1364	         0		         0.0572	         0
d	         0.1547	         0		         0.0551	         0
n	         0.1592	         0		         0.0543	         0
a	         0.1204	         0		         0.0488	         0
i	         0.0878	         0		         0.0436	         0
t	         0.2770	         0		         0.0548	         0
l	         0.0973	         0		         0.0433	         0
h	         0.3552	         0		         0.0626	         0
r	         0.4146	         0		         0.0577	         0
m	         0.0999	         0		         0.0434	         0
s	         0.2510	         0		         0.0593	         0
g	         0.1735	         0		         0.0544	         0
y	         0.2974	         0		         0.0614	         0
l	         0.0849	         0		         0.0435	         0
a	         0.1025	         0		         0.0456	         0
r	         0.2904	         0		         0.0608	         0
w	         0.1685	         0		         0.0604	         0
i	         0.0879	         0		         0.0531	         0
a	         0.0819	         0		         0.0528	         0
d	         0.1060	         0		         0.0582	         0
t	         0.1478	         0		         0.0612	         0
c	         0.1339	         0		         0.0600	         0
k	         0.1417	         0		         0.0571	         0
a	         0.1048	         0		         0.0666	         0
s	         0.1398	         0		         0.0813	         0
v	         0.0968	         0		         0.0729	         0
l	         0.0996	         0		         0.0733	         0
k	         0.1211	         0		         0.0694	         0
l	         0.1356	         0		         0.0708	         0
a	         0.0905	         0		         0.0636	         0
e	         0.0890	         0		         0.0637	         0
a	         0.0954	         0		         0.0647	         0
s	         0.1458	         0		         0.0701	         0
a	         0.1428	         0		         0.0662	         0
q	         0.1836	         0		         0.0733	         0
i	         0.0949	         0		         0.0622	         0
v	         0.0957	         0		         0.0564	         0
m	         0.1224	         0		         0.0599	         0
p	         0.0913	         0		         0.0606	         0
l	         0.0777	         0		         0.0409	         0
a	         0.0851	         0		         0.0418	         0
e	         0.0869	         0		         0.0426	         0
v	         0.1345	         0		         0.0463	         0
k	         0.2426	         0		         0.0481	         0
g	         0.1702	         0		         0.0486	         0
c	         0.1040	         0		         0.0441	         0
t	         0.4435	         0		         0.0522	         0
w	         0.4224	         0		         0.0484	         0
a	         0.2963	         0		         0.0495	         0
d	         0.2104	         0		         0.0505	         0
g	         0.1908	         0		         0.0461	         0
y	         0.1475	         0		         0.0444	         0
t	         0.1301	         0		         0.0439	         0
m	         0.1339	         0		         0.0439	         0
y	         0.4091	         0		         0.0508	         0
l	         0.0963	         0		         0.0419	         0
g	         0.2239	         0		         0.0505	         0
f	         0.1410	         0		         0.0554	         0
a	         0.1064	         0		         0.0467	         0
p	         0.1188	         0		         0.0487	         0
g	         0.1851	         0		         0.0505	         0
a	         0.1420	         0		         0.0460	         0
e	         0.0892	         0		         0.0579	         0
m	         0.1428	         0		         0.0726	         0
f	         0.1106	         0		         0.0733	         0
l	         0.0812	         0		         0.0618	         0
d	         0.0970	         0		         0.0670	         0
a	         0.1126	         0		         0.0655	         0
f	         0.1001	         0		         0.0813	         0
d	         0.1091	         0		         0.0814	         0
f	         0.0977	         0		         0.0791	         0
y	         0.1240	         0		         0.0808	         0
p	         0.0877	         0		         0.0694	         0
l	         0.0758	         0		         0.0599	         0
v	         0.0843	         0		         0.0633	         0
i	         0.0824	         0		         0.0500	         0
e	         0.0949	         0		         0.0552	         0
m	         0.0873	         0		         0.0512	         0
h	         0.1285	         0		         0.0565	         0
r	         0.1889	         0		         0.0605	         0
v	         0.0946	         0		         0.0537	         0
l	         0.1345	         0		         0.0563	         0
k	         0.3134	         0		         0.0649	         0
d	         0.1657	         0		         0.0602	         0
n	         0.1327	         0		         0.0550	         0
m	         0.1735	         0		         0.0545	         0
d	         0.1336	         0		         0.0497	         0
v	         0.1239	         0		         0.0497	         0
n	         0.2183	         0		         0.0455	         0
f	         0.1316	         0		         0.0455	         0
m	         0.0913	         0		         0.0389	         0
k	         0.2085	         0		         0.0434	         0
k	         0.3909	         0		         0.0513	         0
v	         0.1384	         0		         0.0420	         0
l	         0.1028	         0		         0.0388	         0
R	         0.5149	         1		         0.0473	         0
q	         0.4314	         0		         0.0464	         0
R	         0.5332	         1		         0.0470	         0
Y	         0.4748	         1		         0.0451	         0
g	         0.2541	         0		         0.0440	         0
t	         0.2557	         0		         0.0434	         0
m	         0.1150	         0		         0.0389	         0
t	         0.1950	         0		         0.0423	         0
a	         0.1116	         0		         0.0383	         0
e	         0.1255	         0		         0.0396	         0
e	         0.1844	         0		         0.0438	         0
w	         0.3277	         0		         0.0516	         0
m	         0.1972	         0		         0.0547	         0
t	         0.2003	         0		         0.0524	         0
q	         0.2249	         0		         0.0531	         0
k	         0.2480	         0		         0.0541	         0
i	         0.1164	         0		         0.0495	         0
t	         0.1196	         0		         0.0524	         0
e	         0.0920	         0		         0.0502	         0
i	         0.0863	         0		         0.0556	         0
k	         0.1933	         0		         0.0624	         0
a	         0.1669	         0		         0.0560	         0
a	         0.1030	         0		         0.0526	         0
f	         0.1130	         0		         0.0545	         0
n	         0.2381	         0		         0.0535	         0
s	         0.1508	         0		         0.0516	         0
v	         0.1142	         0		         0.0405	         0
g	         0.1835	         0		         0.0423	         0
q	         0.2906	         0		         0.0477	         0
l	         0.0987	         0		         0.0387	         0
a	         0.1802	         0		         0.0462	         0
w	         0.3657	         0		         0.0448	         0
a	         0.2119	         0		         0.0441	         0
K	         0.5142	         1		         0.0544	         0
s	         0.3335	         0		         0.0511	         0
g	         0.2602	         0		         0.0479	         0
f	         0.1487	         0		         0.0442	         0
s	         0.4633	         0		         0.0531	         0
p	         0.2041	         0		         0.0455	         0
a	         0.1545	         0		         0.0424	         0
a	         0.1111	         0		         0.0390	         0
r	         0.3462	         0		         0.0499	         0
t	         0.1534	         0		         0.0451	         0
f	         0.1227	         0		         0.0481	         0
l	         0.0872	         0		         0.0397	         0
q	         0.1623	         0		         0.0532	         0
q	         0.1780	         0		         0.0550	         0
f	         0.1034	         0		         0.0546	         0
g	         0.1342	         0		         0.0541	         0
i	         0.0932	         0		         0.0588	         0
n	         0.2118	         0		         0.0717	         0
i	         0.1017	         0		         0.0617	         0
