g	         0.1691	         0		         0.0486	         0
s	         0.3683	         0		         0.0517	         0
h	         0.2988	         0		         0.0526	         0
m	         0.2461	         0		         0.0550	         0
m	         0.2583	         0		         0.0547	         0
n	         0.3339	         0		         0.0496	         0
d	         0.1890	         0		         0.0553	         0
g	         0.1883	         0		         0.0512	         0
k	         0.3840	         0		         0.0612	         0
q	         0.2503	         0		         0.0536	         0
q	         0.2092	         0		         0.0530	         0
s	         0.1623	         0		         0.0500	         0
t	         0.2175	         0		         0.0538	         0
f	         0.1212	         0		         0.0488	         0
l	         0.0860	         0		         0.0456	         0
f	         0.0925	         0		         0.0495	         0
h	         0.0956	         0		         0.0567	         0
d	         0.1034	         0		         0.0644	         0
y	         0.1247	         0		         0.0555	         0
e	         0.0933	         0		         0.0519	         0
t	         0.2815	         0		         0.0658	         0
f	         0.2451	         0		         0.0638	         0
g	         0.1454	         0		         0.0639	         0
t	         0.0901	         0		         0.0544	         0
h	         0.1975	         0		         0.0676	         0
p	         0.1187	         0		         0.0649	         0
a	         0.1193	         0		         0.0626	         0
l	         0.1214	         0		         0.0670	         0
d	         0.1211	         0		         0.0839	         0
r	         0.1636	         0		         0.0817	         0
p	         0.0823	         0		         0.0667	         0
a	         0.0782	         0		         0.0645	         0
q	         0.1179	         0		         0.0831	         0
f	         0.0853	         0		         0.0739	         0
a	         0.0954	         0		         0.0729	         0
a	         0.1003	         0		         0.0707	         0
i	         0.0955	         0		         0.0655	         0
r	         0.1379	         0		         0.0756	         0
t	         0.1112	         0		         0.0759	         0
d	         0.1203	         0		         0.0764	         0
s	         0.1134	         0		         0.0708	         0
e	         0.1485	         0		         0.0737	         0
f	         0.1130	         0		         0.0681	         0
n	         0.1270	         0		         0.0719	         0
v	         0.0919	         0		         0.0667	         0
i	         0.0810	         0		         0.0654	         0
g	         0.1025	         0		         0.0738	         0
e	         0.1117	         0		         0.0697	         0
p	         0.0900	         0		         0.0696	         0
e	         0.0880	         0		         0.0714	         0
v	         0.1007	         0		         0.0759	         0
f	         0.0882	         0		         0.0741	         0
y	         0.1145	         0		         0.0896	         0
c	         0.0845	         0		         0.0773	         0
k	         0.1507	         0		         0.0911	         0
p	         0.0833	         0		         0.0771	         0
a	         0.0784	         0		         0.0773	         0
d	         0.0798	         0		         0.0855	         0
d	         0.0940	         0		         0.0863	         0
y	         0.1048	         0		         0.0790	         0
l	         0.0834	         0		         0.0718	         0
p	         0.0895	         0		         0.0775	         0
q	         0.0981	         0		         0.0658	         0
p	         0.0889	         0		         0.0674	         0
g	         0.0888	         0		         0.0654	         0
a	         0.0934	         0		         0.0613	         0
v	         0.0957	         0		         0.0592	         0
l	         0.0973	         0		         0.0588	         0
i	         0.0924	         0		         0.0528	         0
t	         0.2591	         0		         0.0734	         0
g	         0.2102	         0		         0.0665	         0
i	         0.1006	         0		         0.0530	         0
t	         0.2490	         0		         0.0604	         0
p	         0.1760	         0		         0.0608	         0
q	         0.1405	         0		         0.0575	         0
e	         0.1319	         0		         0.0600	         0
a	         0.0990	         0		         0.0539	         0
r	         0.1297	         0		         0.0580	         0
a	         0.1595	         0		         0.0617	         0
k	         0.1867	         0		         0.0643	         0
g	         0.1662	         0		         0.0745	         0
e	         0.1007	         0		         0.0644	         0
n	         0.1077	         0		         0.0706	         0
e	         0.0926	         0		         0.0635	         0
a	         0.1064	         0		         0.0639	         0
a	         0.0961	         0		         0.0650	         0
f	         0.0938	         0		         0.0692	         0
a	         0.0879	         0		         0.0677	         0
a	         0.1467	         0		         0.0795	         0
r	         0.1700	         0		         0.0858	         0
i	         0.0879	         0		         0.0681	         0
h	         0.1194	         0		         0.0753	         0
s	         0.1378	         0		         0.0806	         0
l	         0.1013	         0		         0.0738	         0
f	         0.0891	         0		         0.0714	         0
t	         0.1421	         0		         0.0794	         0
v	         0.1403	         0		         0.0800	         0
p	         0.1039	         0		         0.0674	         0
k	         0.1532	         0		         0.0709	         0
t	         0.1451	         0		         0.0760	         0
c	         0.0900	         0		         0.0664	         0
i	         0.0966	         0		         0.0602	         0
l	         0.0956	         0		         0.0581	         0
g	         0.1446	         0		         0.0644	         0
y	         0.3004	         0		         0.0770	         0
n	         0.2053	         0		         0.0709	         0
n	         0.2166	         0		         0.0702	         0
v	         0.1023	         0		         0.0551	         0
r	         0.2380	         0		         0.0718	         0
f	         0.0965	         0		         0.0610	         0
d	         0.0945	         0		         0.0631	         0
d	         0.0812	         0		         0.0584	         0
e	         0.1091	         0		         0.0674	         0
v	         0.0889	         0		         0.0699	         0
t	         0.0786	         0		         0.0567	         0
r	         0.1747	         0		         0.0784	         0
n	         0.1069	         0		         0.0821	         0
i	         0.0891	         0		         0.0688	         0
f	         0.0882	         0		         0.0729	         0
y	         0.1775	         0		         0.0833	         0
r	         0.1637	         0		         0.0825	         0
n	         0.1006	         0		         0.0819	         0
f	         0.0871	         0		         0.0773	         0
y	         0.1091	         0		         0.0788	         0
d	         0.0937	         0		         0.0870	         0
p	         0.0829	         0		         0.0829	         0
y	         0.0901	         0		         0.0828	         0
a	         0.0745	         0		         0.0731	         0
w	         0.0952	         0		         0.0829	         0
s	         0.0784	         0		         0.0759	         0
w	         0.1108	         0		         0.0768	         0
q	         0.1077	         0		         0.0766	         0
h	         0.1778	         0		         0.0815	         0
d	         0.1240	         0		         0.0908	         0
n	         0.1000	         0		         0.0830	         0
s	         0.1083	         0		         0.0836	         0
r	         0.1328	         0		         0.0845	         0
w	         0.0835	         0		         0.0689	         0
d	         0.0761	         0		         0.0828	         0
l	         0.0722	         0		         0.0671	         0
l	         0.0680	         0		         0.0722	         0
d	         0.0755	         0		         0.0925	         0
v	         0.0754	         0		         0.0771	         0
m	         0.0753	         0		         0.0755	         0
r	         0.1303	         0		         0.0950	         0
a	         0.0754	         0		         0.0739	         0
c	         0.0746	         0		         0.0791	         0
y	         0.1198	         0		         0.0972	         0
a	         0.0815	         0		         0.0809	         0
l	         0.0750	         0		         0.0730	         0
r	         0.1001	         0		         0.0833	         0
p	         0.0835	         0		         0.0806	         0
e	         0.0893	         0		         0.0808	         0
g	         0.0891	         0		         0.0825	         0
i	         0.0778	         0		         0.0729	         0
n	         0.0887	         0		         0.0836	         0
w	         0.0971	         0		         0.0810	         0
p	         0.0829	         0		         0.0814	         0
e	         0.0997	         0		         0.0794	         0
n	         0.1197	         0		         0.0848	         0
d	         0.0915	         0		         0.0666	         0
d	         0.0961	         0		         0.0690	         0
g	         0.1077	         0		         0.0671	         0
l	         0.1030	         0		         0.0643	         0
p	         0.0975	         0		         0.0686	         0
s	         0.1238	         0		         0.0716	         0
f	         0.1013	         0		         0.0690	         0
r	         0.2033	         0		         0.0806	         0
l	         0.0822	         0		         0.0553	         0
e	         0.1200	         0		         0.0640	         0
h	         0.1459	         0		         0.0683	         0
l	         0.0864	         0		         0.0560	         0
t	         0.1313	         0		         0.0647	         0
k	         0.2262	         0		         0.0678	         0
a	         0.1397	         0		         0.0634	         0
n	         0.1380	         0		         0.0647	         0
g	         0.2389	         0		         0.0614	         0
i	         0.1116	         0		         0.0504	         0
e	         0.1454	         0		         0.0549	         0
h	         0.1723	         0		         0.0556	         0
s	         0.1358	         0		         0.0570	         0
n	         0.1501	         0		         0.0580	         0
a	         0.1093	         0		         0.0507	         0
h	         0.3186	         0		         0.0754	         0
d	         0.1805	         0		         0.0626	         0
a	         0.0900	         0		         0.0481	         0
m	         0.0839	         0		         0.0482	         0
a	         0.1155	         0		         0.0516	         0
d	         0.1016	         0		         0.0597	         0
v	         0.0833	         0		         0.0503	         0
y	         0.1307	         0		         0.0550	         0
a	         0.0933	         0		         0.0655	         0
t	         0.1400	         0		         0.0854	         0
i	         0.0914	         0		         0.0702	         0
a	         0.1020	         0		         0.0769	         0
m	         0.0791	         0		         0.0684	         0
a	         0.0909	         0		         0.0760	         0
k	         0.1480	         0		         0.1001	         0
l	         0.0878	         0		         0.0675	         0
v	         0.0827	         0		         0.0619	         0
k	         0.1731	         0		         0.0908	         0
t	         0.1487	         0		         0.0916	         0
r	         0.1953	         0		         0.1047	         0
q	         0.1682	         0		         0.1094	         0
p	         0.1065	         0		         0.1061	         0
r	         0.2118	         0		         0.1079	         0
l	         0.0725	         0		         0.0639	         0
f	         0.1144	         0		         0.0774	         0
d	         0.1197	         0		         0.0784	         0
y	         0.1947	         0		         0.0900	         0
l	         0.0776	         0		         0.0586	         0
f	         0.0792	         0		         0.0565	         0
t	         0.1714	         0		         0.0850	         0
h	         0.1477	         0		         0.0692	         0
r	         0.3905	         0		         0.1059	         0
n	         0.2347	         0		         0.0795	         0
k	         0.3781	         0		         0.0918	         0
h	         0.2314	         0		         0.0772	         0
k	         0.1603	         0		         0.0657	         0
l	         0.0805	         0		         0.0506	         0
m	         0.0919	         0		         0.0553	         0
a	         0.1018	         0		         0.0564	         0
l	         0.0743	         0		         0.0492	         0
i	         0.0718	         0		         0.0470	         0
d	         0.0908	         0		         0.0723	         0
v	         0.0788	         0		         0.0682	         0
p	         0.0863	         0		         0.0757	         0
q	         0.0955	         0		         0.0773	         0
m	         0.0951	         0		         0.0732	         0
k	         0.1681	         0		         0.0824	         0
p	         0.0869	         0		         0.0757	         0
l	         0.0776	         0		         0.0640	         0
v	         0.0792	         0		         0.0576	         0
h	         0.1521	         0		         0.0788	         0
v	         0.0973	         0		         0.0602	         0
s	         0.1852	         0		         0.0582	         0
g	         0.1973	         0		         0.0636	         0
m	         0.2148	         0		         0.0665	         0
f	         0.1611	         0		         0.0590	         0
g	         0.2422	         0		         0.0619	         0
a	         0.1511	         0		         0.0516	         0
w	         0.1525	         0		         0.0501	         0
r	         0.4087	         0		         0.0605	         0
g	         0.3272	         0		         0.0593	         0
n	         0.1498	         0		         0.0625	         0
t	         0.1755	         0		         0.0572	         0
s	         0.2470	         0		         0.0612	         0
w	         0.1042	         0		         0.0507	         0
v	         0.0871	         0		         0.0461	         0
a	         0.0873	         0		         0.0470	         0
p	         0.0925	         0		         0.0722	         0
l	         0.0732	         0		         0.0576	         0
a	         0.0867	         0		         0.0642	         0
w	         0.1195	         0		         0.0723	         0
h	         0.1558	         0		         0.0970	         0
p	         0.1035	         0		         0.0817	         0
e	         0.1409	         0		         0.0851	         0
n	         0.1580	         0		         0.0821	         0
r	         0.2039	         0		         0.0885	         0
n	         0.1748	         0		         0.0822	         0
a	         0.0997	         0		         0.0651	         0
v	         0.0886	         0		         0.0637	         0
i	         0.0782	         0		         0.0605	         0
m	         0.0803	         0		         0.0709	         0
v	         0.0852	         0		         0.0704	         0
d	         0.0941	         0		         0.0733	         0
l	         0.0764	         0		         0.0608	         0
a	         0.1183	         0		         0.0824	         0
g	         0.1037	         0		         0.0831	         0
d	         0.1021	         0		         0.0857	         0
i	         0.0854	         0		         0.0789	         0
s	         0.0945	         0		         0.0818	         0
p	         0.0850	         0		         0.0841	         0
l	         0.0746	         0		         0.0712	         0
l	         0.0799	         0		         0.0742	         0
e	         0.0959	         0		         0.0746	         0
l	         0.0806	         0		         0.0672	         0
d	         0.0985	         0		         0.0788	         0
s	         0.0881	         0		         0.0744	         0
d	         0.0885	         0		         0.0691	         0
t	         0.0967	         0		         0.0681	         0
l	         0.0814	         0		         0.0605	         0
r	         0.1461	         0		         0.0725	         0
e	         0.1121	         0		         0.0668	         0
r	         0.1440	         0		         0.0682	         0
l	         0.0841	         0		         0.0606	         0
y	         0.1808	         0		         0.0743	         0
t	         0.1237	         0		         0.0668	         0
a	         0.1355	         0		         0.0693	         0
k	         0.1842	         0		         0.0702	         0
t	         0.0996	         0		         0.0638	         0
d	         0.1176	         0		         0.0691	         0
l	         0.0862	         0		         0.0604	         0
g	         0.1151	         0		         0.0658	         0
d	         0.1233	         0		         0.0675	         0
n	         0.1200	         0		         0.0653	         0
a	         0.1198	         0		         0.0661	         0
a	         0.1673	         0		         0.0725	         0
v	         0.0962	         0		         0.0615	         0
p	         0.0969	         0		         0.0681	         0
v	         0.0818	         0		         0.0555	         0
k	         0.1690	         0		         0.0744	         0
l	         0.1085	         0		         0.0632	         0
v	         0.0914	         0		         0.0614	         0
h	         0.1993	         0		         0.0862	         0
i	         0.0956	         0		         0.0608	         0
n	         0.2235	         0		         0.0871	         0
k	         0.2493	         0		         0.0880	         0
c	         0.1026	         0		         0.0791	         0
p	         0.1009	         0		         0.0767	         0
v	         0.1012	         0		         0.0623	         0
l	         0.0852	         0		         0.0574	         0
a	         0.1029	         0		         0.0592	         0
q	         0.1097	         0		         0.0651	         0
a	         0.1023	         0		         0.0564	         0
n	         0.1766	         0		         0.0759	         0
t	         0.1368	         0		         0.0703	         0
l	         0.0885	         0		         0.0599	         0
r	         0.1658	         0		         0.0707	         0
p	         0.1022	         0		         0.0657	         0
e	         0.0961	         0		         0.0643	         0
d	         0.0924	         0		         0.0674	         0
a	         0.0990	         0		         0.0638	         0
d	         0.0998	         0		         0.0660	         0
r	         0.1815	         0		         0.0692	         0
l	         0.0891	         0		         0.0610	         0
g	         0.1497	         0		         0.0718	         0
i	         0.0966	         0		         0.0622	         0
n	         0.1591	         0		         0.0789	         0
r	         0.1428	         0		         0.0704	         0
q	         0.1345	         0		         0.0703	         0
h	         0.1479	         0		         0.0683	         0
c	         0.0955	         0		         0.0722	         0
l	         0.1164	         0		         0.0697	         0
d	         0.1345	         0		         0.0790	         0
n	         0.1545	         0		         0.0864	         0
l	         0.0864	         0		         0.0633	         0
k	         0.1188	         0		         0.0689	         0
i	         0.1059	         0		         0.0690	         0
l	         0.0845	         0		         0.0591	         0
r	         0.1877	         0		         0.0722	         0
e	         0.1262	         0		         0.0633	         0
n	         0.1309	         0		         0.0681	         0
p	         0.1152	         0		         0.0653	         0
q	         0.1036	         0		         0.0652	         0
v	         0.0841	         0		         0.0588	         0
r	         0.2032	         0		         0.0702	         0
e	         0.1349	         0		         0.0651	         0
k	         0.1933	         0		         0.0684	         0
v	         0.0815	         0		         0.0580	         0
v	         0.0956	         0		         0.0640	         0
a	         0.0848	         0		         0.0591	         0
i	         0.0772	         0		         0.0587	         0
f	         0.0794	         0		         0.0603	         0
a	         0.0842	         0		         0.0623	         0
e	         0.0838	         0		         0.0628	         0
a	         0.0897	         0		         0.0746	         0
e	         0.0951	         0		         0.0762	         0
p	         0.0968	         0		         0.0788	         0
f	         0.1032	         0		         0.0774	         0
t	         0.1134	         0		         0.0751	         0
p	         0.1034	         0		         0.0673	         0
s	         0.1227	         0		         0.0705	         0
d	         0.1171	         0		         0.0613	         0
n	         0.1299	         0		         0.0649	         0
v	         0.0899	         0		         0.0586	         0
d	         0.0965	         0		         0.0623	         0
a	         0.1036	         0		         0.0590	         0
q	         0.1758	         0		         0.0702	         0
l	         0.0876	         0		         0.0538	         0
y	         0.2399	         0		         0.0712	         0
n	         0.1547	         0		         0.0657	         0
g	         0.1417	         0		         0.0572	         0
f	         0.1259	         0		         0.0659	         0
f	         0.1193	         0		         0.0565	         0
s	         0.2405	         0		         0.0647	         0
d	         0.1735	         0		         0.0655	         0
a	         0.1524	         0		         0.0575	         0
d	         0.1383	         0		         0.0649	         0
r	         0.3133	         0		         0.0682	         0
a	         0.1416	         0		         0.0630	         0
a	         0.0912	         0		         0.0545	         0
m	         0.0835	         0		         0.0581	         0
k	         0.1124	         0		         0.0593	         0
i	         0.0903	         0		         0.0563	         0
v	         0.0748	         0		         0.0517	         0
l	         0.0952	         0		         0.0589	         0
e	         0.0903	         0		         0.0782	         0
t	         0.0836	         0		         0.0788	         0
e	         0.0923	         0		         0.0862	         0
p	         0.0886	         0		         0.0904	         0
r	         0.1035	         0		         0.0899	         0
n	         0.0976	         0		         0.0959	         0
l	         0.0748	         0		         0.0811	         0
p	         0.0812	         0		         0.0913	         0
a	         0.0897	         0		         0.0868	         0
l	         0.0769	         0		         0.0704	         0
d	         0.0812	         0		         0.0736	         0
i	         0.0831	         0		         0.0708	         0
t	         0.1092	         0		         0.0830	         0
f	         0.0934	         0		         0.0815	         0
v	         0.1051	         0		         0.0743	         0
d	         0.1077	         0		         0.0876	         0
k	         0.1448	         0		         0.0826	         0
r	         0.1677	         0		         0.0877	         0
i	         0.0743	         0		         0.0607	         0
e	         0.0996	         0		         0.0775	         0
k	         0.1140	         0		         0.0718	         0
l	         0.0757	         0		         0.0478	         0
l	         0.0774	         0		         0.0480	         0
f	         0.1089	         0		         0.0649	         0
n	         0.2147	         0		         0.0799	         0
y	         0.1695	         0		         0.0578	         0
r	         0.2397	         0		         0.0635	         0
a	         0.1278	         0		         0.0508	         0
r	         0.4412	         0		         0.0707	         0
n	         0.3251	         0		         0.0583	         0
f	         0.2035	         0		         0.0564	         0
p	         0.1451	         0		         0.0556	         0
g	         0.1363	         0		         0.0495	         0
t	         0.1430	         0		         0.0510	         0
l	         0.0796	         0		         0.0405	         0
d	         0.1453	         0		         0.0525	         0
y	         0.1441	         0		         0.0551	         0
a	         0.1112	         0		         0.0679	         0
e	         0.0856	         0		         0.0704	         0
q	         0.1200	         0		         0.0797	         0
q	         0.1082	         0		         0.0760	         0
r	         0.1355	         0		         0.0780	         0
w	         0.1395	         0		         0.0731	         0
l	         0.1132	         0		         0.0742	         0
e	         0.1128	         0		         0.0765	         0
h	         0.1273	         0		         0.0874	         0
r	         0.0914	         0		         0.0774	         0
r	         0.1490	         0		         0.0776	         0
q	         0.1499	         0		         0.0838	         0
v	         0.1560	         0		         0.0878	         0
f	         0.0841	         0		         0.0639	         0
t	         0.1188	         0		         0.0756	         0
p	         0.0988	         0		         0.0715	         0
e	         0.0960	         0		         0.0683	         0
f	         0.1445	         0		         0.0737	         0
l	         0.0933	         0		         0.0677	         0
q	         0.1093	         0		         0.0757	         0
g	         0.1027	         0		         0.0730	         0
y	         0.1250	         0		         0.0769	         0
a	         0.1073	         0		         0.0727	         0
d	         0.1153	         0		         0.0761	         0
e	         0.0913	         0		         0.0722	         0
l	         0.0744	         0		         0.0692	         0
q	         0.0809	         0		         0.0732	         0
m	         0.0929	         0		         0.0769	         0
l	         0.0761	         0		         0.0700	         0
v	         0.0886	         0		         0.0757	         0
q	         0.0944	         0		         0.0782	         0
q	         0.0899	         0		         0.0773	         0
y	         0.1061	         0		         0.0784	         0
a	         0.0911	         0		         0.0767	         0
d	         0.0996	         0		         0.0814	         0
d	         0.1067	         0		         0.0864	         0
k	         0.0951	         0		         0.0793	         0
e	         0.0903	         0		         0.0833	         0
k	         0.1145	         0		         0.0876	         0
v	         0.0819	         0		         0.0811	         0
a	         0.0879	         0		         0.0861	         0
l	         0.0722	         0		         0.0718	         0
l	         0.0725	         0		         0.0713	         0
k	         0.1028	         0		         0.0868	         0
a	         0.0816	         0		         0.0820	         0
l	         0.0725	         0		         0.0716	         0
w	         0.0860	         0		         0.0841	         0
q	         0.0867	         0		         0.0844	         0
y	         0.1159	         0		         0.0906	         0
a	         0.0769	         0		         0.0718	         0
e	         0.0835	         0		         0.0799	         0
e	         0.0884	         0		         0.0847	         0
i	         0.0717	         0		         0.0728	         0
v	         0.0719	         0		         0.0727	         0
