s	         0.2555	         0		         0.0479	         0
p	         0.1210	         0		         0.0471	         0
d	         0.2259	         0		         0.0565	         0
k	         0.2395	         0		         0.0521	         0
l	         0.1004	         0		         0.0453	         0
k	         0.3711	         0		         0.0544	         0
k	         0.2190	         0		         0.0494	         0
v	         0.1095	         0		         0.0456	         0
l	         0.0912	         0		         0.0439	         0
d	         0.1402	         0		         0.0481	         0
k	         0.3101	         0		         0.0528	         0
l	         0.1028	         0		         0.0444	         0
r	         0.2549	         0		         0.0514	         0
l	         0.1190	         0		         0.0448	         0
k	         0.4093	         0		         0.0531	         0
r	         0.3941	         0		         0.0525	         0
k	         0.3474	         0		         0.0501	         0
d	         0.1684	         0		         0.0473	         0
i	         0.2338	         0		         0.0479	         0
s	         0.2444	         0		         0.0483	         0
e	         0.2225	         0		         0.0481	         0
a	         0.1627	         0		         0.0441	         0
a	         0.1521	         0		         0.0462	         0
e	         0.2243	         0		         0.0505	         0
t	         0.1338	         0		         0.0499	         0
v	         0.1572	         0		         0.0512	         0
n	         0.2205	         0		         0.0544	         0
k	         0.3288	         0		         0.0490	         0
v	         0.1114	         0		         0.0433	         0
v	         0.1163	         0		         0.0449	         0
e	         0.2381	         0		         0.0509	         0
r	         0.2640	         0		         0.0520	         0
l	         0.0923	         0		         0.0427	         0
l	         0.1253	         0		         0.0436	         0
r	         0.4185	         0		         0.0503	         0
r	         0.2989	         0		         0.0481	         0
m	         0.1232	         0		         0.0438	         0
q	         0.2634	         0		         0.0479	         0
k	         0.3214	         0		         0.0468	         0
r	         0.3415	         0		         0.0475	         0
e	         0.1942	         0		         0.0462	         0
s	         0.2428	         0		         0.0477	         0
e	         0.2481	         0		         0.0530	         0
f	         0.1780	         0		         0.0534	         0
k	         0.3197	         0		         0.0426	         0
g	         0.2262	         0		         0.0423	         0
v	         0.1282	         0		         0.0374	         0
e	         0.2092	         0		         0.0300	         0
q	         0.1885	         0		         0.0291	         0
l	         0.1858	         0		         0.0282	         0
n	         0.3278	         0		         0.0300	         0
T	         0.4989	         1		         0.0312	         0
g	         0.4461	         0		         0.0312	         0
S	         0.5597	         1		         0.0321	         0
Y	         0.7339	         1		         0.0342	         0
Y	         0.5159	         1		         0.0324	         0
e	         0.1850	         0		         0.0304	         0
h	         0.4116	         0		         0.0338	         0
v	         0.1298	         0		         0.0291	         0
k	         0.4696	         0		         0.0361	         0
i	         0.1637	         0		         0.0307	         0
s	         0.2148	         0		         0.0323	         0
a	         0.3181	         0		         0.0439	         0
p	         0.2031	         0		         0.0451	         0
n	         0.3143	         0		         0.0452	         0
e	         0.1391	         0		         0.0403	         0
f	         0.1683	         0		         0.0462	         0
d	         0.1555	         0		         0.0549	         0
v	         0.1113	         0		         0.0498	         0
m	         0.1759	         0		         0.0548	         0
f	         0.1059	         0		         0.0497	         0
k	         0.1820	         0		         0.0542	         0
l	         0.0900	         0		         0.0600	         0
e	         0.1336	         0		         0.0671	         0
v	         0.0955	         0		         0.0624	         0
p	         0.1093	         0		         0.0658	         0
r	         0.1334	         0		         0.0500	         0
i	         0.1006	         0		         0.0481	         0
e	         0.1219	         0		         0.0496	         0
l	         0.0909	         0		         0.0471	         0
q	         0.0989	         0		         0.0486	         0
e	         0.1030	         0		         0.0476	         0
y	         0.1880	         0		         0.0430	         0
y	         0.3412	         0		         0.0438	         0
e	         0.2214	         0		         0.0439	         0
t	         0.2599	         0		         0.0472	         0
g	         0.2464	         0		         0.0464	         0
a	         0.1988	         0		         0.0447	         0
f	         0.2220	         0		         0.0366	         0
y	         0.4436	         0		         0.0369	         0
l	         0.2291	         0		         0.0370	         0
v	         0.1243	         0		         0.0337	         0
k	         0.2821	         0		         0.0400	         0
f	         0.1208	         0		         0.0351	         0
k	         0.2869	         0		         0.0403	         0
R	         0.6347	         1		         0.0438	         0
i	         0.3760	         0		         0.0396	         0
p	         0.3091	         0		         0.0413	         0
R	         0.5602	         1		         0.0413	         0
g	         0.3804	         0		         0.0398	         0
N	         0.4880	         1		         0.0408	         0
p	         0.4698	         0		         0.0410	         0
l	         0.1609	         0		         0.0339	         0
s	         0.2966	         0		         0.0427	         0
h	         0.3156	         0		         0.0412	         0
f	         0.1862	         0		         0.0402	         0
l	         0.1009	         0		         0.0402	         0
e	         0.1269	         0		         0.0410	         0
g	         0.1870	         0		         0.0358	         0
e	         0.2198	         0		         0.0351	         0
v	         0.2489	         0		         0.0346	         0
l	         0.1282	         0		         0.0327	         0
s	         0.4381	         0		         0.0372	         0
a	         0.2203	         0		         0.0337	         0
t	         0.3910	         0		         0.0363	         0
K	         0.6309	         1		         0.0392	         0
m	         0.2335	         0		         0.0344	         0
l	         0.1973	         0		         0.0335	         0
s	         0.4680	         0		         0.0374	         0
k	         0.4467	         0		         0.0375	         0
f	         0.1936	         0		         0.0375	         0
R	         0.5640	         1		         0.0412	         0
k	         0.4615	         0		         0.0404	         0
i	         0.1137	         0		         0.0370	         0
i	         0.1092	         0		         0.0372	         0
k	         0.2414	         0		         0.0395	         0
e	         0.1509	         0		         0.0380	         0
e	         0.0981	         0		         0.0359	         0
v	         0.0905	         0		         0.0352	         0
k	         0.1895	         0		         0.0430	         0
e	         0.1305	         0		         0.0570	         0
i	         0.0974	         0		         0.0554	         0
k	         0.1858	         0		         0.0571	         0
d	         0.1316	         0		         0.0526	         0
i	         0.1847	         0		         0.0529	         0
d	         0.1429	         0		         0.0517	         0
v	         0.1103	         0		         0.0501	         0
s	         0.1315	         0		         0.0508	         0
v	         0.1099	         0		         0.0503	         0
e	         0.1046	         0		         0.0499	         0
k	         0.2795	         0		         0.0525	         0
e	         0.2130	         0		         0.0529	         0
k	         0.3090	         0		         0.0530	         0
p	         0.2171	         0		         0.0562	         0
g	         0.2562	         0		         0.0568	         0
s	         0.2231	         0		         0.0559	         0
p	         0.2069	         0		         0.0564	         0
a	         0.1178	         0		         0.0501	         0
v	         0.1373	         0		         0.0523	         0
t	         0.2409	         0		         0.0573	         0
l	         0.0957	         0		         0.0549	         0
l	         0.1146	         0		         0.0572	         0
i	         0.0954	         0		         0.0557	         0
r	         0.1439	         0		         0.0603	         0
n	         0.1166	         0		         0.0595	         0
p	         0.1234	         0		         0.0610	         0
e	         0.1316	         0		         0.0617	         0
e	         0.1475	         0		         0.0709	         0
i	         0.0991	         0		         0.0676	         0
s	         0.1150	         0		         0.0709	         0
v	         0.0909	         0		         0.0681	         0
d	         0.1128	         0		         0.0739	         0
i	         0.0828	         0		         0.0426	         0
i	         0.0897	         0		         0.0439	         0
l	         0.0897	         0		         0.0439	         0
a	         0.0945	         0		         0.0304	         0
l	         0.0915	         0		         0.0300	         0
e	         0.1217	         0		         0.0311	         0
s	         0.1318	         0		         0.0323	         0
k	         0.4206	         0		         0.0358	         0
g	         0.4006	         0		         0.0348	         0
s	         0.3751	         0		         0.0336	         0
W	         0.6877	         1		         0.0328	         0
p	         0.2709	         0		         0.0351	         0
i	         0.2560	         0		         0.0323	         0
s	         0.3118	         0		         0.0334	         0
t	         0.1909	         0		         0.0315	         0
k	         0.3873	         0		         0.0352	         0
e	         0.2246	         0		         0.0331	         0
g	         0.2514	         0		         0.0334	         0
l	         0.1557	         0		         0.0375	         0
p	         0.2256	         0		         0.0425	         0
i	         0.1818	         0		         0.0354	         0
q	         0.2902	         0		         0.0375	         0
g	         0.4065	         0		         0.0385	         0
W	         0.5315	         1		         0.0374	         0
l	         0.2651	         0		         0.0360	         0
G	         0.5465	         1		         0.0388	         0
T	         0.4739	         1		         0.0376	         0
K	         0.5980	         1		         0.0378	         0
v	         0.2140	         0		         0.0350	         0
r	         0.4317	         0		         0.0370	         0
t	         0.3507	         0		         0.0374	         0
n	         0.1760	         0		         0.0371	         0
l	         0.1752	         0		         0.0361	         0
R	         0.4957	         1		         0.0405	         0
r	         0.4589	         0		         0.0385	         0
e	         0.1918	         0		         0.0444	         0
p	         0.1529	         0		         0.0450	         0
f	         0.1533	         0		         0.0439	         0
y	         0.2965	         0		         0.0492	         0
l	         0.0979	         0		         0.0398	         0
v	         0.1005	         0		         0.0402	         0
p	         0.1518	         0		         0.0462	         0
k	         0.2937	         0		         0.0496	         0
n	         0.1811	         0		         0.0478	         0
a	         0.2671	         0		         0.0443	         0
k	         0.4439	         0		         0.0464	         0
d	         0.3061	         0		         0.0449	         0
g	         0.3050	         0		         0.0440	         0
n	         0.4501	         0		         0.0361	         0
s	         0.2868	         0		         0.0343	         0
f	         0.2779	         0		         0.0341	         0
q	         0.3484	         0		         0.0355	         0
g	         0.4053	         0		         0.0356	         0
e	         0.2712	         0		         0.0353	         0
t	         0.3261	         0		         0.0358	         0
W	         0.6320	         1		         0.0365	         0
R	         0.6291	         1		         0.0396	         0
l	         0.1765	         0		         0.0340	         0
S	         0.6001	         1		         0.0438	         0
f	         0.2569	         0		         0.0412	         0
s	         0.3408	         0		         0.0394	         0
h	         0.4214	         0		         0.0387	         0
t	         0.2592	         0		         0.0371	         0
e	         0.1250	         0		         0.0338	         0
K	         0.5278	         1		         0.0425	         0
y	         0.3521	         0		         0.0375	         0
i	         0.1270	         0		         0.0380	         0
l	         0.1410	         0		         0.0371	         0
n	         0.3750	         0		         0.0411	         0
n	         0.2919	         0		         0.0400	         0
h	         0.2344	         0		         0.0389	         0
g	         0.3289	         0		         0.0394	         0
i	         0.4348	         0		         0.0420	         0
e	         0.3435	         0		         0.0428	         0
k	         0.2691	         0		         0.0398	         0
T	         0.4803	         1		         0.0423	         0
c	         0.1113	         0		         0.0299	         0
c	         0.1259	         0		         0.0286	         0
e	         0.2750	         0		         0.0284	         0
s	         0.4055	         0		         0.0294	         0
s	         0.3587	         0		         0.0317	         0
g	         0.2855	         0		         0.0308	         0
a	         0.2957	         0		         0.0297	         0
K	         0.7275	         1		         0.0338	         0
c	         0.2890	         0		         0.0321	         0
c	         0.1213	         0		         0.0340	         0
r	         0.4047	         0		         0.0352	         0
k	         0.4062	         0		         0.0363	         0
e	         0.1997	         0		         0.0337	         0
c	         0.0947	         0		         0.0328	         0
l	         0.1066	         0		         0.0291	         0
k	         0.3746	         0		         0.0569	         0
l	         0.0959	         0		         0.0450	         0
m	         0.0944	         0		         0.0458	         0
k	         0.2040	         0		         0.0514	         0
y	         0.1974	         0		         0.0538	         0
l	         0.0822	         0		         0.0434	         0
l	         0.0933	         0		         0.0464	         0
e	         0.1002	         0		         0.0472	         0
q	         0.1260	         0		         0.0651	         0
l	         0.1003	         0		         0.0611	         0
k	         0.1632	         0		         0.0658	         0
k	         0.1356	         0		         0.0646	         0
e	         0.1286	         0		         0.0725	         0
f	         0.0896	         0		         0.0639	         0
q	         0.1275	         0		         0.0577	         0
e	         0.1299	         0		         0.0477	         0
l	         0.0874	         0		         0.0432	         0
d	         0.1197	         0		         0.0477	         0
a	         0.1255	         0		         0.0441	         0
f	         0.0909	         0		         0.0418	         0
c	         0.1776	         0		         0.0488	         0
s	         0.3006	         0		         0.0513	         0
y	         0.4423	         0		         0.0532	         0
h	         0.4204	         0		         0.0574	         0
v	         0.1171	         0		         0.0409	         0
k	         0.4710	         0		         0.0505	         0
t	         0.4335	         0		         0.0528	         0
a	         0.1089	         0		         0.0414	         0
i	         0.0962	         0		         0.0419	         0
f	         0.1048	         0		         0.0414	         0
h	         0.4290	         0		         0.0502	         0
m	         0.1262	         0		         0.0419	         0
w	         0.0835	         0		         0.0435	         0
t	         0.1079	         0		         0.0431	         0
q	         0.1905	         0		         0.0480	         0
d	         0.1631	         0		         0.0459	         0
p	         0.1311	         0		         0.0458	         0
q	         0.1722	         0		         0.0475	         0
d	         0.1288	         0		         0.0555	         0
s	         0.1671	         0		         0.0613	         0
q	         0.1351	         0		         0.0610	         0
w	         0.2673	         0		         0.0585	         0
d	         0.1483	         0		         0.0585	         0
p	         0.1405	         0		         0.0583	         0
r	         0.2851	         0		         0.0602	         0
n	         0.2035	         0		         0.0666	         0
l	         0.1060	         0		         0.0548	         0
s	         0.1917	         0		         0.0622	         0
s	         0.2061	         0		         0.0603	         0
c	         0.1336	         0		         0.0586	         0
f	         0.1005	         0		         0.0569	         0
d	         0.1396	         0		         0.0641	         0
k	         0.2693	         0		         0.0717	         0
l	         0.0922	         0		         0.0560	         0
l	         0.0884	         0		         0.0534	         0
a	         0.1351	         0		         0.0602	         0
f	         0.1146	         0		         0.0616	         0
f	         0.0805	         0		         0.0532	         0
l	         0.1027	         0		         0.0497	         0
e	         0.1767	         0		         0.0569	         0
c	         0.0929	         0		         0.0566	         0
l	         0.0833	         0		         0.0455	         0
r	         0.1927	         0		         0.0560	         0
t	         0.1582	         0		         0.0569	         0
e	         0.2793	         0		         0.0651	         0
k	         0.3761	         0		         0.0646	         0
l	         0.0902	         0		         0.0474	         0
d	         0.1312	         0		         0.0560	         0
h	         0.2405	         0		         0.0589	         0
y	         0.2550	         0		         0.0583	         0
f	         0.1300	         0		         0.0498	         0
i	         0.1069	         0		         0.0416	         0
p	         0.1954	         0		         0.0502	         0
k	         0.2748	         0		         0.0469	         0
f	         0.1551	         0		         0.0433	         0
N	         0.4817	         1		         0.0507	         0
l	         0.1136	         0		         0.0401	         0
f	         0.1264	         0		         0.0421	         0
s	         0.2448	         0		         0.0434	         0
q	         0.2401	         0		         0.0462	         0
e	         0.1301	         0		         0.0400	         0
l	         0.1188	         0		         0.0390	         0
i	         0.1207	         0		         0.0384	         0
d	         0.3089	         0		         0.0467	         0
R	         0.5188	         1		         0.0466	         0
k	         0.3645	         0		         0.0421	         0
s	         0.2934	         0		         0.0425	         0
k	         0.3362	         0		         0.0443	         0
e	         0.2458	         0		         0.0424	         0
f	         0.1781	         0		         0.0442	         0
l	         0.0935	         0		         0.0373	         0
s	         0.1872	         0		         0.0411	         0
k	         0.3519	         0		         0.0416	         0
k	         0.2226	         0		         0.0397	         0
i	         0.1054	         0		         0.0360	         0
e	         0.1658	         0		         0.0376	         0
y	         0.3669	         0		         0.0413	         0
e	         0.1992	         0		         0.0377	         0
r	         0.3022	         0		         0.0384	         0
N	         0.5611	         1		         0.0428	         0
n	         0.4684	         0		         0.0413	         0
g	         0.3849	         0		         0.0418	         0
f	         0.2694	         0		         0.0448	         0
p	         0.2282	         0		         0.0424	         0
i	         0.1179	         0		         0.0377	         0
f	         0.1262	         0		         0.0409	         0
d	         0.1724	         0		         0.0426	         0
k	         0.1164	         0		         0.0434	         0
l	         0.0987	         0		         0.0484	         0
