m	         0.1035	         0		         0.0847	         0
s	         0.1111	         0		         0.0754	         0
e	         0.0986	         0		         0.0726	         0
q	         0.1132	         0		         0.0742	         0
l	         0.0958	         0		         0.0715	         0
t	         0.1163	         0		         0.0705	         0
d	         0.0964	         0		         0.0685	         0
q	         0.0982	         0		         0.0681	         0
v	         0.0935	         0		         0.0606	         0
l	         0.0845	         0		         0.0590	         0
v	         0.0871	         0		         0.0600	         0
e	         0.1020	         0		         0.0632	         0
r	         0.1382	         0		         0.0641	         0
v	         0.0998	         0		         0.0618	         0
q	         0.1463	         0		         0.0651	         0
k	         0.1824	         0		         0.0672	         0
g	         0.1592	         0		         0.0703	         0
d	         0.1479	         0		         0.0699	         0
q	         0.1800	         0		         0.0702	         0
k	         0.1849	         0		         0.0704	         0
a	         0.1021	         0		         0.0645	         0
f	         0.0886	         0		         0.0611	         0
n	         0.1070	         0		         0.0670	         0
l	         0.1035	         0		         0.0585	         0
l	         0.0776	         0		         0.0533	         0
v	         0.1020	         0		         0.0600	         0
v	         0.1261	         0		         0.0596	         0
r	         0.1451	         0		         0.0648	         0
y	         0.2140	         0		         0.0716	         0
q	         0.1598	         0		         0.0677	         0
h	         0.2677	         0		         0.0701	         0
k	         0.1702	         0		         0.0664	         0
v	         0.0841	         0		         0.0532	         0
a	         0.1427	         0		         0.0643	         0
s	         0.1523	         0		         0.0680	         0
l	         0.1084	         0		         0.0622	         0
v	         0.0866	         0		         0.0554	         0
s	         0.1043	         0		         0.0670	         0
r	         0.1863	         0		         0.0784	         0
y	         0.1265	         0		         0.0708	         0
v	         0.1014	         0		         0.0647	         0
p	         0.1373	         0		         0.0619	         0
s	         0.1484	         0		         0.0743	         0
g	         0.1230	         0		         0.0701	         0
d	         0.1084	         0		         0.0677	         0
v	         0.0974	         0		         0.0610	         0
p	         0.1070	         0		         0.0696	         0
d	         0.1059	         0		         0.0748	         0
v	         0.0825	         0		         0.0608	         0
v	         0.0902	         0		         0.0608	         0
q	         0.1448	         0		         0.0687	         0
e	         0.0882	         0		         0.0622	         0
a	         0.0975	         0		         0.0625	         0
f	         0.0952	         0		         0.0661	         0
i	         0.0850	         0		         0.0598	         0
k	         0.1778	         0		         0.0733	         0
a	         0.0875	         0		         0.0614	         0
y	         0.1365	         0		         0.0617	         0
r	         0.1790	         0		         0.0645	         0
a	         0.1516	         0		         0.0665	         0
l	         0.1071	         0		         0.0600	         0
d	         0.1476	         0		         0.0629	         0
s	         0.1947	         0		         0.0652	         0
f	         0.1157	         0		         0.0587	         0
r	         0.2439	         0		         0.0633	         0
g	         0.1752	         0		         0.0620	         0
d	         0.1575	         0		         0.0626	         0
s	         0.1712	         0		         0.0621	         0
a	         0.2750	         0		         0.0600	         0
f	         0.1129	         0		         0.0518	         0
y	         0.1995	         0		         0.0577	         0
t	         0.1538	         0		         0.0574	         0
w	         0.1594	         0		         0.0506	         0
l	         0.0905	         0		         0.0424	         0
y	         0.1905	         0		         0.0511	         0
r	         0.3141	         0		         0.0533	         0
i	         0.1036	         0		         0.0423	         0
a	         0.1040	         0		         0.0427	         0
v	         0.2150	         0		         0.0521	         0
n	         0.4378	         0		         0.0559	         0
t	         0.1886	         0		         0.0464	         0
a	         0.1133	         0		         0.0430	         0
k	         0.1389	         0		         0.0433	         0
n	         0.2117	         0		         0.0485	         0
y	         0.2334	         0		         0.0442	         0
l	         0.1259	         0		         0.0414	         0
v	         0.2724	         0		         0.0473	         0
a	         0.2448	         0		         0.0572	         0
q	         0.1659	         0		         0.0599	         0
g	         0.1673	         0		         0.0618	         0
r	         0.1893	         0		         0.0629	         0
r	         0.1570	         0		         0.0623	         0
l	         0.1390	         0		         0.0552	         0
e	         0.1346	         0		         0.0590	         0
l	         0.1143	         0		         0.0580	         0
v	         0.0975	         0		         0.0536	         0
p	         0.0847	         0		         0.0526	         0
r	         0.1583	         0		         0.0605	         0
g	         0.1377	         0		         0.0506	         0
s	         0.3544	         0		         0.0564	         0
h	         0.3099	         0		         0.0706	         0
h	         0.3133	         0		         0.0742	         0
h	         0.3028	         0		         0.0782	         0
h	         0.2761	         0		         0.0933	         0
h	         0.2691	         0		         0.1284	         0
h	         0.2248	         0		         0.1006	         0
