K	         0.5187	         1		         0.2494	         1
V	         0.1493	         0		         0.1600	         1
f	         0.1056	         0		         0.1329	         0
G	         0.1920	         0		         0.1666	         1
R	         0.4120	         0		         0.2398	         1
C	         0.0509	         0		         0.2081	         1
e	         0.0862	         0		         0.1047	         0
l	         0.0465	         0		         0.0514	         0
a	         0.0719	         0		         0.0793	         0
A	         0.1810	         0		         0.2113	         1
a	         0.0797	         0		         0.1088	         0
m	         0.0570	         0		         0.0675	         0
K	         0.2467	         0		         0.2453	         1
R	         0.2351	         0		         0.2168	         1
h	         0.1793	         0		         0.1445	         0
G	         0.1657	         0		         0.1539	         1
l	         0.0717	         0		         0.0763	         0
D	         0.1659	         0		         0.1945	         1
N	         0.2046	         0		         0.1908	         1
y	         0.2613	         0		         0.1465	         0
R	         0.1977	         0		         0.1591	         1
G	         0.3348	         0		         0.1969	         1
Y	         0.5086	         1		         0.1368	         0
S	         0.4064	         0		         0.1757	         1
l	         0.0796	         0		         0.0541	         0
g	         0.2417	         0		         0.1312	         0
N	         0.2823	         0		         0.1727	         1
w	         0.4081	         0		         0.1141	         0
v	         0.0881	         0		         0.0646	         0
C	         0.0578	         0		         0.1893	         1
a	         0.0583	         0		         0.0497	         0
a	         0.0835	         0		         0.0555	         0
k	         0.3023	         0		         0.1049	         0
f	         0.3149	         0		         0.1373	         0
e	         0.1294	         0		         0.0535	         0
S	         0.5824	         1		         0.1564	         1
n	         0.4216	         0		         0.1113	         0
f	         0.1915	         0		         0.0832	         0
N	         0.4977	         1		         0.1035	         0
T	         0.5992	         1		         0.1091	         0
Q	         0.4802	         1		         0.1104	         0
a	         0.1778	         0		         0.0556	         0
t	         0.2080	         0		         0.0540	         0
n	         0.4660	         0		         0.0858	         0
R	         0.6077	         1		         0.0855	         0
N	         0.4770	         1		         0.0884	         0
T	         0.5959	         1		         0.0762	         0
D	         0.6001	         1		         0.1149	         0
g	         0.3937	         0		         0.0967	         0
S	         0.5319	         1		         0.1073	         0
t	         0.3266	         0		         0.0972	         0
d	         0.2091	         0		         0.0913	         0
y	         0.4061	         0		         0.1062	         0
g	         0.1976	         0		         0.1268	         0
i	         0.0631	         0		         0.0434	         0
l	         0.1150	         0		         0.1379	         0
Q	         0.2631	         0		         0.1712	         1
i	         0.0775	         0		         0.0577	         0
N	         0.4158	         0		         0.2515	         1
S	         0.3744	         0		         0.3468	         1
R	         0.4223	         0		         0.2124	         1
W	         0.2473	         0		         0.2108	         1
w	         0.2815	         0		         0.1461	         0
C	         0.0668	         0		         0.2901	         1
N	         0.2360	         0		         0.2301	         1
D	         0.1900	         0		         0.2703	         1
G	         0.2331	         0		         0.2600	         1
R	         0.4426	         0		         0.2175	         1
T	         0.1482	         0		         0.2101	         1
P	         0.0830	         0		         0.1711	         1
G	         0.1037	         0		         0.2263	         1
S	         0.1244	         0		         0.2645	         1
R	         0.3570	         0		         0.2500	         1
N	         0.3502	         0		         0.3127	         1
l	         0.1316	         0		         0.1424	         0
C	         0.0448	         0		         0.3651	         1
N	         0.2509	         0		         0.3815	         1
i	         0.1009	         0		         0.1289	         0
P	         0.1457	         0		         0.3027	         1
C	         0.0502	         0		         0.2924	         1
S	         0.1451	         0		         0.2112	         1
A	         0.1097	         0		         0.1682	         1
l	         0.0519	         0		         0.0754	         0
l	         0.0598	         0		         0.0706	         0
s	         0.1962	         0		         0.1378	         0
s	         0.1352	         0		         0.1475	         0
D	         0.1779	         0		         0.1643	         1
i	         0.0940	         0		         0.0511	         0
t	         0.4402	         0		         0.1369	         0
a	         0.2363	         0		         0.1219	         0
s	         0.2394	         0		         0.1391	         0
v	         0.1316	         0		         0.0796	         0
n	         0.2637	         0		         0.1423	         0
C	         0.0599	         0		         0.2126	         1
a	         0.0943	         0		         0.0678	         0
K	         0.3667	         0		         0.1979	         1
K	         0.2957	         0		         0.1716	         1
i	         0.0883	         0		         0.0637	         0
v	         0.1298	         0		         0.0895	         0
s	         0.3489	         0		         0.1271	         0
d	         0.1295	         0		         0.0772	         0
g	         0.2394	         0		         0.1359	         0
N	         0.3675	         0		         0.1521	         1
G	         0.3612	         0		         0.1637	         1
m	         0.1870	         0		         0.0855	         0
n	         0.3934	         0		         0.1303	         0
a	         0.1325	         0		         0.0652	         0
w	         0.4034	         0		         0.0997	         0
v	         0.1312	         0		         0.0972	         0
a	         0.2114	         0		         0.1082	         0
w	         0.3420	         0		         0.1109	         0
R	         0.3951	         0		         0.1530	         1
n	         0.3579	         0		         0.1366	         0
R	         0.5387	         1		         0.1723	         1
C	         0.0870	         0		         0.1972	         1
K	         0.5526	         1		         0.1198	         0
g	         0.3242	         0		         0.0880	         0
t	         0.3600	         0		         0.1184	         0
d	         0.2449	         0		         0.1106	         0
v	         0.0778	         0		         0.0386	         0
q	         0.2494	         0		         0.1004	         0
a	         0.2647	         0		         0.0817	         0
w	         0.2238	         0		         0.0901	         0
i	         0.1031	         0		         0.0766	         0
R	         0.2794	         0		         0.1573	         1
G	         0.1383	         0		         0.2066	         1
C	         0.0604	         0		         0.4508	         1
R	         0.1970	         0		         0.2645	         1
l	         0.0726	         0		         0.1045	         0
