h	         0.1127	         0		         0.1465	         0
S	         0.1190	         0		         0.1776	         1
F	         0.0712	         0		         0.1834	         1
l	         0.0628	         0		         0.1433	         0
S	         0.1052	         0		         0.1850	         1
P	         0.0646	         0		         0.1557	         1
d	         0.0568	         0		         0.1290	         0
a	         0.0592	         0		         0.1134	         0
Q	         0.0873	         0		         0.1924	         1
v	         0.0574	         0		         0.1102	         0
l	         0.0490	         0		         0.0876	         0
v	         0.0523	         0		         0.0964	         0
l	         0.0611	         0		         0.1124	         0
a	         0.0646	         0		         0.1324	         0
i	         0.0514	         0		         0.1070	         0
S	         0.0590	         0		         0.1585	         1
S	         0.0727	         0		         0.1830	         1
H	         0.1189	         0		         0.2162	         1
P	         0.0770	         0		         0.2084	         1
L	         0.0681	         0		         0.1570	         1
P	         0.0805	         0		         0.2381	         1
T	         0.0621	         0		         0.1904	         1
l	         0.0433	         0		         0.1089	         0
a	         0.0551	         0		         0.1204	         0
a	         0.0627	         0		         0.1234	         0
f	         0.0602	         0		         0.1337	         0
l	         0.0513	         0		         0.1257	         0
A	         0.0763	         0		         0.1509	         1
s	         0.0664	         0		         0.1424	         0
r	         0.0660	         0		         0.1421	         0
r	         0.0668	         0		         0.1477	         0
D	         0.0638	         0		         0.1552	         1
E	         0.0736	         0		         0.1685	         1
l	         0.0582	         0		         0.1117	         0
l	         0.0693	         0		         0.1393	         0
R	         0.0898	         0		         0.1588	         1
a	         0.0793	         0		         0.1482	         0
d	         0.0676	         0		         0.1472	         0
i	         0.0605	         0		         0.1156	         0
t	         0.0708	         0		         0.1325	         0
s	         0.0754	         0		         0.1401	         0
l	         0.0567	         0		         0.1003	         0
l	         0.0557	         0		         0.0904	         0
K	         0.0934	         0		         0.1595	         1
a	         0.0668	         0		         0.1124	         0
l	         0.0571	         0		         0.1017	         0
e	         0.0697	         0		         0.1271	         0
l	         0.0802	         0		         0.1329	         0
s	         0.0748	         0		         0.1360	         0
G	         0.0852	         0		         0.1683	         1
H	         0.1012	         0		         0.1641	         1
w	         0.0681	         0		         0.1202	         0
E	         0.0866	         0		         0.1494	         1
w	         0.0689	         0		         0.1265	         0
a	         0.0525	         0		         0.0940	         0
l	         0.0513	         0		         0.0947	         0
a	         0.0673	         0		         0.1201	         0
l	         0.0558	         0		         0.0976	         0
l	         0.0680	         0		         0.1202	         0
r	         0.0974	         0		         0.1363	         0
w	         0.0829	         0		         0.1116	         0
a	         0.0747	         0		         0.1171	         0
g	         0.0935	         0		         0.1198	         0
k	         0.1351	         0		         0.1149	         0
e	         0.0937	         0		         0.1111	         0
g	         0.0809	         0		         0.1096	         0
a	         0.1046	         0		         0.1049	         0
a	         0.0934	         0		         0.1044	         0
d	         0.1151	         0		         0.1197	         0
a	         0.0795	         0		         0.0928	         0
s	         0.0947	         0		         0.1039	         0
a	         0.0854	         0		         0.0912	         0
l	         0.0738	         0		         0.0879	         0
e	         0.1027	         0		         0.1066	         0
m	         0.0828	         0		         0.0736	         0
v	         0.0624	         0		         0.0664	         0
v	         0.0668	         0		         0.0644	         0
r	         0.1344	         0		         0.0973	         0
a	         0.0783	         0		         0.0744	         0
l	         0.0700	         0		         0.0694	         0
g	         0.0975	         0		         0.0842	         0
r	         0.2090	         0		         0.1098	         0
e	         0.1038	         0		         0.0864	         0
g	         0.1245	         0		         0.0926	         0
q	         0.1173	         0		         0.0909	         0
h	         0.0916	         0		         0.0862	         0
d	         0.0940	         0		         0.0984	         0
a	         0.0744	         0		         0.0789	         0
v	         0.0590	         0		         0.0708	         0
c	         0.0577	         0		         0.0951	         0
a	         0.0606	         0		         0.1038	         0
l	         0.0553	         0		         0.0832	         0
l	         0.0563	         0		         0.1017	         0
d	         0.0601	         0		         0.1316	         0
e	         0.0606	         0		         0.1246	         0
t	         0.0592	         0		         0.1205	         0
p	         0.0657	         0		         0.1304	         0
l	         0.0723	         0		         0.1125	         0
p	         0.0729	         0		         0.1177	         0
p	         0.0676	         0		         0.1475	         0
g	         0.0786	         0		         0.1469	         0
s	         0.0652	         0		         0.1206	         0
r	         0.0789	         0		         0.1346	         0
l	         0.0622	         0		         0.1143	         0
D	         0.0998	         0		         0.1579	         1
v	         0.0786	         0		         0.1134	         0
r	         0.1016	         0		         0.1163	         0
a	         0.0888	         0		         0.1012	         0
y	         0.0987	         0		         0.1095	         0
t	         0.1209	         0		         0.1442	         0
t	         0.0991	         0		         0.1221	         0
v	         0.0618	         0		         0.0789	         0
l	         0.0623	         0		         0.0696	         0
h	         0.1659	         0		         0.1319	         0
a	         0.0801	         0		         0.0937	         0
l	         0.0695	         0		         0.1100	         0
s	         0.0931	         0		         0.1243	         0
R	         0.2236	         0		         0.1668	         1
a	         0.0952	         0		         0.1096	         0
g	         0.1226	         0		         0.1369	         0
r	         0.2001	         0		         0.1399	         0
y	         0.1051	         0		         0.1045	         0
e	         0.0795	         0		         0.0954	         0
r	         0.1002	         0		         0.1003	         0
a	         0.0618	         0		         0.0692	         0
l	         0.0605	         0		         0.0761	         0
e	         0.0704	         0		         0.0870	         0
l	         0.0565	         0		         0.0689	         0
f	         0.0595	         0		         0.1054	         0
a	         0.0682	         0		         0.1159	         0
e	         0.0678	         0		         0.1157	         0
l	         0.0668	         0		         0.1139	         0
r	         0.0914	         0		         0.1190	         0
r	         0.0976	         0		         0.1219	         0
q	         0.0779	         0		         0.1285	         0
G	         0.1043	         0		         0.1550	         1
v	         0.0680	         0		         0.1083	         0
a	         0.0888	         0		         0.1284	         0
p	         0.0762	         0		         0.1202	         0
t	         0.1025	         0		         0.1382	         0
l	         0.0705	         0		         0.1011	         0
v	         0.0753	         0		         0.1174	         0
t	         0.0786	         0		         0.1274	         0
y	         0.1050	         0		         0.1208	         0
n	         0.0983	         0		         0.1296	         0
v	         0.0784	         0		         0.0875	         0
v	         0.0593	         0		         0.0719	         0
l	         0.0599	         0		         0.0767	         0
d	         0.0894	         0		         0.1317	         0
v	         0.0655	         0		         0.0904	         0
y	         0.0796	         0		         0.1051	         0
g	         0.0747	         0		         0.1038	         0
r	         0.1771	         0		         0.1451	         0
m	         0.1347	         0		         0.1290	         0
G	         0.1317	         0		         0.1585	         1
R	         0.2413	         0		         0.1809	         1
s	         0.1084	         0		         0.1351	         0
w	         0.0749	         0		         0.0954	         0
p	         0.0802	         0		         0.1135	         0
r	         0.0954	         0		         0.1248	         0
i	         0.0620	         0		         0.0770	         0
v	         0.0630	         0		         0.0858	         0
a	         0.0663	         0		         0.0861	         0
l	         0.0561	         0		         0.0880	         0
l	         0.0570	         0		         0.0984	         0
d	         0.0615	         0		         0.1123	         0
e	         0.0609	         0		         0.1041	         0
m	         0.0634	         0		         0.1096	         0
r	         0.0789	         0		         0.1039	         0
a	         0.0702	         0		         0.0986	         0
a	         0.0685	         0		         0.1020	         0
g	         0.0758	         0		         0.1041	         0
v	         0.0657	         0		         0.0867	         0
e	         0.0741	         0		         0.0946	         0
p	         0.0736	         0		         0.1005	         0
d	         0.1068	         0		         0.1057	         0
g	         0.0947	         0		         0.0864	         0
f	         0.1131	         0		         0.0951	         0
t	         0.1332	         0		         0.1013	         0
a	         0.1140	         0		         0.0939	         0
s	         0.1450	         0		         0.1042	         0
t	         0.0957	         0		         0.0807	         0
v	         0.0748	         0		         0.0682	         0
i	         0.0703	         0		         0.0678	         0
a	         0.1359	         0		         0.0947	         0
a	         0.0944	         0		         0.0765	         0
c	         0.0922	         0		         0.0905	         0
s	         0.0911	         0		         0.0942	         0
r	         0.2024	         0		         0.1114	         0
d	         0.0935	         0		         0.0922	         0
g	         0.1010	         0		         0.0931	         0
l	         0.0947	         0		         0.0829	         0
v	         0.0704	         0		         0.0684	         0
d	         0.0743	         0		         0.0779	         0
e	         0.0729	         0		         0.0734	         0
a	         0.0655	         0		         0.0637	         0
v	         0.0699	         0		         0.0886	         0
a	         0.0760	         0		         0.1077	         0
f	         0.0629	         0		         0.0790	         0
f	         0.0673	         0		         0.0983	         0
e	         0.0786	         0		         0.1127	         0
d	         0.0759	         0		         0.1117	         0
l	         0.0774	         0		         0.1089	         0
k	         0.0960	         0		         0.1136	         0
a	         0.0896	         0		         0.1109	         0
r	         0.1243	         0		         0.1350	         0
G	         0.1184	         0		         0.1598	         1
h	         0.1003	         0		         0.1253	         0
a	         0.0948	         0		         0.1290	         0
p	         0.1020	         0		         0.1300	         0
s	         0.1469	         0		         0.1413	         0
v	         0.0959	         0		         0.1135	         0
v	         0.1010	         0		         0.1029	         0
t	         0.1162	         0		         0.1216	         0
y	         0.1544	         0		         0.1208	         0
n	         0.1408	         0		         0.1300	         0
a	         0.0978	         0		         0.0834	         0
l	         0.0624	         0		         0.0652	         0
l	         0.0662	         0		         0.0650	         0
q	         0.1204	         0		         0.1116	         0
v	         0.0823	         0		         0.0742	         0
f	         0.0838	         0		         0.0828	         0
g	         0.1077	         0		         0.0932	         0
k	         0.2629	         0		         0.1097	         0
a	         0.1373	         0		         0.0910	         0
g	         0.1987	         0		         0.1106	         0
n	         0.1933	         0		         0.1005	         0
y	         0.1307	         0		         0.0763	         0
t	         0.1174	         0		         0.0822	         0
e	         0.1156	         0		         0.0775	         0
a	         0.0778	         0		         0.0616	         0
l	         0.0805	         0		         0.0735	         0
r	         0.1240	         0		         0.0801	         0
v	         0.0698	         0		         0.0653	         0
l	         0.0703	         0		         0.0812	         0
g	         0.0791	         0		         0.0859	         0
e	         0.0803	         0		         0.0810	         0
m	         0.0793	         0		         0.0797	         0
e	         0.0754	         0		         0.0797	         0
q	         0.0896	         0		         0.0881	         0
n	         0.0853	         0		         0.0874	         0
g	         0.0983	         0		         0.0955	         0
c	         0.0763	         0		         0.0762	         0
q	         0.1011	         0		         0.0863	         0
p	         0.1003	         0		         0.0864	         0
d	         0.1309	         0		         0.1002	         0
a	         0.0915	         0		         0.0809	         0
v	         0.0932	         0		         0.0776	         0
t	         0.0968	         0		         0.0847	         0
y	         0.1492	         0		         0.0784	         0
n	         0.1676	         0		         0.0845	         0
e	         0.1425	         0		         0.0613	         0
l	         0.0812	         0		         0.0496	         0
a	         0.0813	         0		         0.0535	         0
g	         0.1651	         0		         0.0784	         0
t	         0.1104	         0		         0.0644	         0
y	         0.2145	         0		         0.0781	         0
a	         0.1416	         0		         0.0663	         0
r	         0.3327	         0		         0.0959	         0
a	         0.1258	         0		         0.0681	         0
g	         0.1226	         0		         0.0808	         0
f	         0.1278	         0		         0.0766	         0
f	         0.0967	         0		         0.0662	         0
e	         0.1106	         0		         0.0732	         0
e	         0.0869	         0		         0.0787	         0
a	         0.0638	         0		         0.0612	         0
a	         0.0687	         0		         0.0864	         0
r	         0.1323	         0		         0.1059	         0
c	         0.0666	         0		         0.0856	         0
l	         0.0725	         0		         0.0982	         0
d	         0.1064	         0		         0.1401	         0
t	         0.0862	         0		         0.1108	         0
m	         0.0825	         0		         0.1158	         0
a	         0.0811	         0		         0.1035	         0
s	         0.0887	         0		         0.1106	         0
k	         0.1189	         0		         0.1351	         0
G	         0.0945	         0		         0.1536	         1
l	         0.0682	         0		         0.0975	         0
l	         0.0820	         0		         0.1056	         0
p	         0.0772	         0		         0.1149	         0
n	         0.1050	         0		         0.1392	         0
a	         0.0897	         0		         0.1040	         0
f	         0.1309	         0		         0.0978	         0
t	         0.1383	         0		         0.1084	         0
y	         0.2012	         0		         0.1119	         0
n	         0.1472	         0		         0.1051	         0
t	         0.1157	         0		         0.0914	         0
v	         0.0731	         0		         0.0669	         0
m	         0.0878	         0		         0.0691	         0
t	         0.2416	         0		         0.1091	         0
a	         0.1230	         0		         0.0762	         0
y	         0.1519	         0		         0.0854	         0
g	         0.1228	         0		         0.0884	         0
n	         0.2191	         0		         0.1013	         0
v	         0.1225	         0		         0.0763	         0
g	         0.1375	         0		         0.0916	         0
k	         0.1854	         0		         0.0942	         0
v	         0.0746	         0		         0.0677	         0
d	         0.0800	         0		         0.0872	         0
e	         0.0767	         0		         0.0821	         0
a	         0.0623	         0		         0.0657	         0
l	         0.0623	         0		         0.0753	         0
a	         0.0760	         0		         0.0875	         0
l	         0.0589	         0		         0.0694	         0
f	         0.0647	         0		         0.0936	         0
d	         0.0725	         0		         0.1107	         0
q	         0.0768	         0		         0.1004	         0
m	         0.0799	         0		         0.1055	         0
k	         0.1050	         0		         0.0870	         0
k	         0.1479	         0		         0.0950	         0
t	         0.1167	         0		         0.1029	         0
g	         0.1143	         0		         0.1135	         0
f	         0.0773	         0		         0.0780	         0
v	         0.1023	         0		         0.0915	         0
p	         0.1256	         0		         0.0965	         0
n	         0.2123	         0		         0.1149	         0
v	         0.1454	         0		         0.0811	         0
n	         0.1699	         0		         0.1065	         0
t	         0.1717	         0		         0.1021	         0
y	         0.2508	         0		         0.1005	         0
n	         0.2444	         0		         0.1142	         0
l	         0.1402	         0		         0.0741	         0
v	         0.0664	         0		         0.0588	         0
l	         0.0682	         0		         0.0597	         0
g	         0.1292	         0		         0.1030	         0
m	         0.0843	         0		         0.0852	         0
l	         0.0880	         0		         0.0945	         0
g	         0.1036	         0		         0.0954	         0
k	         0.3300	         0		         0.1214	         0
k	         0.2308	         0		         0.0967	         0
s	         0.2218	         0		         0.1068	         0
r	         0.3369	         0		         0.1060	         0
f	         0.1163	         0		         0.0727	         0
t	         0.1207	         0		         0.0784	         0
v	         0.1112	         0		         0.0693	         0
m	         0.0784	         0		         0.0571	         0
l	         0.0762	         0		         0.0596	         0
e	         0.0854	         0		         0.0617	         0
m	         0.0665	         0		         0.0521	         0
l	         0.0667	         0		         0.0739	         0
g	         0.0818	         0		         0.0865	         0
e	         0.0842	         0		         0.0829	         0
m	         0.0942	         0		         0.0849	         0
s	         0.0987	         0		         0.0865	         0
r	         0.1662	         0		         0.0840	         0
s	         0.1303	         0		         0.0929	         0
g	         0.1437	         0		         0.1035	         0
c	         0.0990	         0		         0.0812	         0
t	         0.1548	         0		         0.1034	         0
p	         0.1363	         0		         0.0993	         0
n	         0.2044	         0		         0.1101	         0
r	         0.1651	         0		         0.0877	         0
v	         0.1594	         0		         0.0864	         0
t	         0.1813	         0		         0.0983	         0
w	         0.1471	         0		         0.0869	         0
n	         0.1734	         0		         0.0973	         0
t	         0.1096	         0		         0.0767	         0
m	         0.0763	         0		         0.0636	         0
l	         0.0777	         0		         0.0681	         0
a	         0.1419	         0		         0.0937	         0
v	         0.1065	         0		         0.0809	         0
s	         0.0950	         0		         0.0977	         0
g	         0.0991	         0		         0.0916	         0
k	         0.1955	         0		         0.1212	         0
r	         0.1410	         0		         0.0944	         0
g	         0.1365	         0		         0.1058	         0
m	         0.1134	         0		         0.0905	         0
e	         0.0820	         0		         0.0782	         0
d	         0.0950	         0		         0.0901	         0
y	         0.1095	         0		         0.0812	         0
v	         0.0689	         0		         0.0685	         0
t	         0.0738	         0		         0.0853	         0
r	         0.1169	         0		         0.0957	         0
v	         0.0697	         0		         0.0706	         0
l	         0.0776	         0		         0.0788	         0
e	         0.1062	         0		         0.0936	         0
g	         0.1029	         0		         0.0882	         0
m	         0.1049	         0		         0.0859	         0
r	         0.1631	         0		         0.0933	         0
s	         0.1449	         0		         0.0951	         0
s	         0.1426	         0		         0.1007	         0
g	         0.1436	         0		         0.1067	         0
v	         0.0901	         0		         0.0847	         0
e	         0.1056	         0		         0.0910	         0
l	         0.0858	         0		         0.0807	         0
s	         0.1163	         0		         0.0891	         0
r	         0.1265	         0		         0.0857	         0
d	         0.1123	         0		         0.0983	         0
t	         0.1198	         0		         0.0964	         0
y	         0.1829	         0		         0.1064	         0
n	         0.1326	         0		         0.1049	         0
t	         0.0932	         0		         0.0608	         0
l	         0.0638	         0		         0.0469	         0
i	         0.0699	         0		         0.0527	         0
a	         0.1380	         0		         0.0843	         0
a	         0.0881	         0		         0.0736	         0
y	         0.1184	         0		         0.0967	         0
g	         0.1118	         0		         0.0938	         0
r	         0.4320	         0		         0.1460	         0
c	         0.2006	         0		         0.0991	         0
g	         0.3176	         0		         0.1213	         0
s	         0.3423	         0		         0.1353	         0
r	         0.2317	         0		         0.0967	         0
t	         0.1642	         0		         0.0954	         0
n	         0.1633	         0		         0.0911	         0
a	         0.0852	         0		         0.0599	         0
f	         0.0989	         0		         0.0823	         0
k	         0.1465	         0		         0.1030	         0
m	         0.0599	         0		         0.0680	         0
y	         0.0758	         0		         0.0958	         0
n	         0.0903	         0		         0.1223	         0
e	         0.0796	         0		         0.1109	         0
m	         0.0737	         0		         0.1155	         0
t	         0.0785	         0		         0.1106	         0
s	         0.1003	         0		         0.1099	         0
a	         0.0869	         0		         0.1202	         0
G	         0.1023	         0		         0.1606	         1
f	         0.0723	         0		         0.1047	         0
t	         0.0934	         0		         0.1288	         0
p	         0.0879	         0		         0.1384	         0
c	         0.1363	         0		         0.1327	         0
i	         0.0892	         0		         0.1053	         0
t	         0.0973	         0		         0.1322	         0
t	         0.0913	         0		         0.1447	         0
y	         0.1196	         0		         0.1324	         0
n	         0.1237	         0		         0.1376	         0
a	         0.0865	         0		         0.1023	         0
l	         0.0532	         0		         0.0817	         0
l	         0.0553	         0		         0.0854	         0
n	         0.0748	         0		         0.1438	         0
v	         0.0657	         0		         0.0974	         0
l	         0.0583	         0		         0.0951	         0
s	         0.0711	         0		         0.1070	         0
r	         0.1543	         0		         0.1251	         0
q	         0.0978	         0		         0.1155	         0
g	         0.1295	         0		         0.1345	         0
d	         0.1509	         0		         0.1406	         0
w	         0.0988	         0		         0.0975	         0
s	         0.1482	         0		         0.1061	         0
t	         0.1240	         0		         0.0996	         0
a	         0.0767	         0		         0.0767	         0
q	         0.0977	         0		         0.0866	         0
s	         0.1437	         0		         0.1051	         0
i	         0.0781	         0		         0.0709	         0
v	         0.0818	         0		         0.0848	         0
s	         0.1493	         0		         0.1115	         0
k	         0.1554	         0		         0.1055	         0
m	         0.1169	         0		         0.1097	         0
r	         0.2160	         0		         0.1201	         0
t	         0.1598	         0		         0.1272	         0
k	         0.1971	         0		         0.1445	         0
G	         0.1681	         0		         0.1535	         1
f	         0.0870	         0		         0.1018	         0
k	         0.1406	         0		         0.1186	         0
p	         0.0895	         0		         0.1103	         0
n	         0.1496	         0		         0.1385	         0
e	         0.0978	         0		         0.1177	         0
q	         0.0958	         0		         0.1208	         0
s	         0.0959	         0		         0.1019	         0
y	         0.1257	         0		         0.1093	         0
s	         0.1003	         0		         0.1116	         0
l	         0.0816	         0		         0.0879	         0
l	         0.0544	         0		         0.0712	         0
l	         0.0531	         0		         0.0680	         0
q	         0.0692	         0		         0.1156	         0
c	         0.0658	         0		         0.0833	         0
y	         0.0814	         0		         0.0967	         0
a	         0.0893	         0		         0.0956	         0
k	         0.2625	         0		         0.1332	         0
g	         0.1202	         0		         0.0955	         0
g	         0.1705	         0		         0.1092	         0
n	         0.1576	         0		         0.1019	         0
v	         0.0990	         0		         0.0725	         0
a	         0.1483	         0		         0.0828	         0
g	         0.1031	         0		         0.0759	         0
i	         0.0773	         0		         0.0637	         0
a	         0.0853	         0		         0.0963	         0
a	         0.0881	         0		         0.0906	         0
i	         0.0649	         0		         0.0717	         0
e	         0.0691	         0		         0.0916	         0
n	         0.0896	         0		         0.1029	         0
e	         0.0844	         0		         0.0954	         0
v	         0.0834	         0		         0.0934	         0
y	         0.1010	         0		         0.0913	         0
g	         0.1057	         0		         0.0940	         0
s	         0.0963	         0		         0.1074	         0
g	         0.1210	         0		         0.1231	         0
a	         0.1461	         0		         0.1213	         0
v	         0.1078	         0		         0.1208	         0
f	         0.0804	         0		         0.1100	         0
p	         0.0735	         0		         0.1437	         0
s	         0.0725	         0		         0.1447	         0
w	         0.0697	         0		         0.1264	         0
v	         0.0661	         0		         0.1177	         0
i	         0.0667	         0		         0.1201	         0
l	         0.0595	         0		         0.1201	         0
R	         0.0869	         0		         0.1618	         1
t	         0.0620	         0		         0.1359	         0
l	         0.0528	         0		         0.1024	         0
v	         0.0524	         0		         0.0995	         0
i	         0.0786	         0		         0.1368	         0
a	         0.0775	         0		         0.1188	         0
N	         0.0734	         0		         0.1607	         1
f	         0.0730	         0		         0.1448	         0
K	         0.1225	         0		         0.1814	         1
c	         0.0797	         0		         0.1436	         0
R	         0.1367	         0		         0.1683	         1
R	         0.1240	         0		         0.1566	         1
l	         0.0698	         0		         0.0975	         0
d	         0.0897	         0		         0.1283	         0
g	         0.0930	         0		         0.1025	         0
m	         0.0711	         0		         0.0818	         0
e	         0.0792	         0		         0.0912	         0
t	         0.0911	         0		         0.0941	         0
a	         0.0685	         0		         0.0804	         0
f	         0.0681	         0		         0.0982	         0
q	         0.0865	         0		         0.1093	         0
e	         0.0786	         0		         0.1058	         0
v	         0.0779	         0		         0.1018	         0
k	         0.0945	         0		         0.1147	         0
a	         0.0974	         0		         0.1134	         0
r	         0.1127	         0		         0.1410	         0
G	         0.1010	         0		         0.1637	         1
y	         0.0922	         0		         0.1351	         0
n	         0.0894	         0		         0.1470	         0
p	         0.0626	         0		         0.1407	         0
D	         0.0747	         0		         0.1752	         1
l	         0.0628	         0		         0.1197	         0
v	         0.0701	         0		         0.1272	         0
i	         0.0672	         0		         0.1265	         0
f	         0.0739	         0		         0.1381	         0
N	         0.1059	         0		         0.1660	         1
s	         0.0776	         0		         0.0983	         0
m	         0.0541	         0		         0.0736	         0
l	         0.0564	         0		         0.0700	         0
s	         0.1130	         0		         0.1290	         0
i	         0.0949	         0		         0.0870	         0
y	         0.1381	         0		         0.1141	         0
a	         0.0904	         0		         0.0866	         0
k	         0.2822	         0		         0.1389	         0
n	         0.1252	         0		         0.1157	         0
g	         0.1748	         0		         0.1239	         0
m	         0.1533	         0		         0.1209	         0
y	         0.1605	         0		         0.0888	         0
s	         0.1337	         0		         0.0959	         0
k	         0.1480	         0		         0.0919	         0
a	         0.0703	         0		         0.0639	         0
t	         0.0818	         0		         0.0963	         0
e	         0.1289	         0		         0.1056	         0
v	         0.0680	         0		         0.0809	         0
f	         0.0742	         0		         0.0992	         0
d	         0.0995	         0		         0.1232	         0
s	         0.0941	         0		         0.1262	         0
i	         0.0865	         0		         0.1327	         0
k	         0.1015	         0		         0.1349	         0
r	         0.1182	         0		         0.1318	         0
S	         0.0835	         0		         0.1496	         1
G	         0.0831	         0		         0.1659	         1
l	         0.0648	         0		         0.1112	         0
S	         0.0768	         0		         0.1554	         1
p	         0.0706	         0		         0.1436	         0
D	         0.0846	         0		         0.1553	         1
l	         0.0708	         0		         0.1099	         0
i	         0.0847	         0		         0.1175	         0
t	         0.0924	         0		         0.1400	         0
y	         0.1224	         0		         0.1304	         0
n	         0.0951	         0		         0.1338	         0
s	         0.0779	         0		         0.1108	         0
l	         0.0583	         0		         0.0831	         0
m	         0.0577	         0		         0.0880	         0
D	         0.0820	         0		         0.1504	         1
m	         0.0714	         0		         0.1088	         0
y	         0.0739	         0		         0.1166	         0
a	         0.0708	         0		         0.1073	         0
K	         0.1313	         0		         0.1503	         1
c	         0.0859	         0		         0.1071	         0
s	         0.0943	         0		         0.1207	         0
e	         0.0940	         0		         0.1294	         0
s	         0.0707	         0		         0.0963	         0
w	         0.0818	         0		         0.1027	         0
e	         0.0758	         0		         0.0956	         0
a	         0.0614	         0		         0.0770	         0
e	         0.0666	         0		         0.0942	         0
k	         0.0873	         0		         0.1083	         0
i	         0.0593	         0		         0.0807	         0
l	         0.0633	         0		         0.1026	         0
n	         0.0760	         0		         0.1273	         0
q	         0.0775	         0		         0.1204	         0
l	         0.0742	         0		         0.1088	         0
k	         0.1187	         0		         0.1212	         0
c	         0.0989	         0		         0.1067	         0
s	         0.0955	         0		         0.1264	         0
q	         0.0945	         0		         0.1478	         0
T	         0.1048	         0		         0.1501	         1
m	         0.0751	         0		         0.1012	         0
k	         0.1062	         0		         0.1216	         0
p	         0.0673	         0		         0.1344	         0
D	         0.0816	         0		         0.1523	         1
v	         0.0711	         0		         0.1206	         0
v	         0.0738	         0		         0.1057	         0
s	         0.0831	         0		         0.1205	         0
y	         0.1453	         0		         0.1230	         0
n	         0.1410	         0		         0.1203	         0
t	         0.1311	         0		         0.0864	         0
v	         0.0833	         0		         0.0634	         0
i	         0.0794	         0		         0.0641	         0
n	         0.1819	         0		         0.1081	         0
g	         0.1490	         0		         0.0825	         0
f	         0.1095	         0		         0.0767	         0
c	         0.1154	         0		         0.0829	         0
k	         0.3292	         0		         0.1010	         0
q	         0.1578	         0		         0.0950	         0
g	         0.1319	         0		         0.0964	         0
l	         0.1245	         0		         0.0847	         0
v	         0.0847	         0		         0.0631	         0
k	         0.1468	         0		         0.0748	         0
e	         0.0976	         0		         0.0683	         0
a	         0.0717	         0		         0.0531	         0
q	         0.0854	         0		         0.0921	         0
r	         0.1259	         0		         0.1006	         0
v	         0.0723	         0		         0.0805	         0
l	         0.0708	         0		         0.0798	         0
s	         0.1008	         0		         0.1036	         0
e	         0.0772	         0		         0.0958	         0
m	         0.0764	         0		         0.0958	         0
v	         0.0748	         0		         0.0841	         0
a	         0.0787	         0		         0.0867	         0
d	         0.0801	         0		         0.1084	         0
g	         0.0741	         0		         0.1251	         0
m	         0.0638	         0		         0.0951	         0
a	         0.0768	         0		         0.0957	         0
p	         0.0786	         0		         0.1087	         0
c	         0.1253	         0		         0.1202	         0
a	         0.0837	         0		         0.1012	         0
v	         0.0889	         0		         0.0940	         0
t	         0.1122	         0		         0.1323	         0
y	         0.1338	         0		         0.1128	         0
h	         0.1722	         0		         0.1033	         0
t	         0.1336	         0		         0.0959	         0
l	         0.0743	         0		         0.0679	         0
v	         0.0859	         0		         0.0758	         0
g	         0.2211	         0		         0.1179	         0
g	         0.1158	         0		         0.0819	         0
y	         0.1039	         0		         0.0850	         0
s	         0.1081	         0		         0.0894	         0
s	         0.1518	         0		         0.1034	         0
l	         0.0975	         0		         0.0785	         0
e	         0.1095	         0		         0.0923	         0
m	         0.1237	         0		         0.0856	         0
f	         0.0815	         0		         0.0902	         0
s	         0.0841	         0		         0.0988	         0
e	         0.0746	         0		         0.0941	         0
a	         0.0616	         0		         0.0768	         0
r	         0.0961	         0		         0.1122	         0
e	         0.1008	         0		         0.1326	         0
v	         0.0659	         0		         0.0913	         0
i	         0.0669	         0		         0.0999	         0
g	         0.0884	         0		         0.1191	         0
y	         0.1105	         0		         0.1137	         0
m	         0.1019	         0		         0.1357	         0
v	         0.0774	         0		         0.1006	         0
q	         0.0953	         0		         0.1263	         0
h	         0.1132	         0		         0.1463	         0
G	         0.0904	         0		         0.1595	         1
l	         0.0647	         0		         0.1128	         0
K	         0.0858	         0		         0.1500	         1
p	         0.0627	         0		         0.1409	         0
m	         0.0810	         0		         0.1216	         0
e	         0.0590	         0		         0.1134	         0
l	         0.0680	         0		         0.1307	         0
t	         0.0791	         0		         0.1375	         0
y	         0.0962	         0		         0.1180	         0
r	         0.1034	         0		         0.1300	         0
r	         0.1138	         0		         0.1224	         0
v	         0.0588	         0		         0.0825	         0
v	         0.0580	         0		         0.0896	         0
e	         0.0924	         0		         0.1475	         0
s	         0.0683	         0		         0.0981	         0
y	         0.0775	         0		         0.1227	         0
c	         0.0850	         0		         0.1422	         0
R	         0.1619	         0		         0.1722	         1
a	         0.0943	         0		         0.1438	         0
K	         0.1423	         0		         0.2131	         1
R	         0.1380	         0		         0.1671	         1
f	         0.0869	         0		         0.1048	         0
e	         0.0936	         0		         0.1114	         0
e	         0.0845	         0		         0.0965	         0
a	         0.0668	         0		         0.0769	         0
r	         0.0888	         0		         0.1005	         0
g	         0.0746	         0		         0.0912	         0
f	         0.0633	         0		         0.0832	         0
l	         0.0705	         0		         0.0991	         0
s	         0.0864	         0		         0.1165	         0
e	         0.0816	         0		         0.1059	         0
v	         0.0686	         0		         0.0922	         0
s	         0.0671	         0		         0.0944	         0
e	         0.0836	         0		         0.0998	         0
t	         0.0873	         0		         0.1146	         0
d	         0.0899	         0		         0.1209	         0
l	         0.0847	         0		         0.1134	         0
d	         0.0779	         0		         0.1253	         0
f	         0.0704	         0		         0.1151	         0
d	         0.0721	         0		         0.1334	         0
k	         0.0751	         0		         0.1175	         0
k	         0.0725	         0		         0.1000	         0
a	         0.0654	         0		         0.1019	         0
l	         0.0595	         0		         0.0867	         0
e	         0.0616	         0		         0.0859	         0
a	         0.0676	         0		         0.0947	         0
y	         0.0810	         0		         0.1135	         0
i	         0.0616	         0		         0.0660	         0
e	         0.0700	         0		         0.0892	         0
d	         0.0752	         0		         0.1093	         0
a	         0.0710	         0		         0.0749	         0
q	         0.1135	         0		         0.0784	         0
f	         0.0789	         0		         0.0769	         0
g	         0.0987	         0		         0.0747	         0
r	         0.1870	         0		         0.0779	         0
