m	         0.1699	         0		         0.1018	         0
n	         0.2338	         0		         0.0888	         0
h	         0.1405	         0		         0.0645	         0
l	         0.0901	         0		         0.0527	         0
g	         0.2292	         0		         0.0609	         0
k	         0.3122	         0		         0.0646	         0
t	         0.1498	         0		         0.0622	         0
e	         0.1076	         0		         0.0534	         0
v	         0.1109	         0		         0.0548	         0
f	         0.1298	         0		         0.0594	         0
l	         0.0801	         0		         0.0449	         0
n	         0.1953	         0		         0.0707	         0
r	         0.3538	         0		         0.0798	         0
f	         0.1243	         0		         0.0799	         0
a	         0.0916	         0		         0.0592	         0
l	         0.0869	         0		         0.0504	         0
r	         0.2462	         0		         0.0888	         0
p	         0.1171	         0		         0.0701	         0
l	         0.0743	         0		         0.0450	         0
n	         0.1566	         0		         0.0737	         0
p	         0.1119	         0		         0.0811	         0
e	         0.0854	         0		         0.0696	         0
e	         0.0940	         0		         0.0734	         0
l	         0.0796	         0		         0.0558	         0
r	         0.1758	         0		         0.1030	         0
p	         0.0830	         0		         0.0778	         0
w	         0.1038	         0		         0.0951	         0
r	         0.0911	         0		         0.0759	         0
l	         0.0861	         0		         0.0778	         0
e	         0.0787	         0		         0.0749	         0
v	         0.0670	         0		         0.0718	         0
v	         0.0807	         0		         0.0683	         0
l	         0.0719	         0		         0.0858	         0
d	         0.1115	         0		         0.1150	         0
p	         0.1092	         0		         0.1197	         0
p	         0.0951	         0		         0.0968	         0
p	         0.0872	         0		         0.0988	         0
g	         0.0933	         0		         0.0807	         0
r	         0.1060	         0		         0.0761	         0
e	         0.1023	         0		         0.0820	         0
e	         0.0867	         0		         0.0727	         0
v	         0.0794	         0		         0.0652	         0
y	         0.1617	         0		         0.0886	         0
p	         0.1060	         0		         0.0435	         0
l	         0.0737	         0		         0.0308	         0
l	         0.0738	         0		         0.0302	         0
a	         0.1101	         0		         0.0354	         0
q	         0.1687	         0		         0.0448	         0
v	         0.0926	         0		         0.0350	         0
a	         0.1013	         0		         0.0437	         0
R	         0.6513	         1		         0.0547	         0
R	         0.4965	         1		         0.0514	         0
a	         0.1170	         0		         0.0330	         0
g	         0.2753	         0		         0.0476	         0
g	         0.2511	         0		         0.0427	         0
v	         0.1462	         0		         0.0360	         0
t	         0.1400	         0		         0.0338	         0
v	         0.1839	         0		         0.0371	         0
R	         0.6147	         1		         0.0545	         0
m	         0.1168	         0		         0.0381	         0
g	         0.2110	         0		         0.0477	         0
d	         0.2328	         0		         0.0496	         0
g	         0.2614	         0		         0.0536	         0
l	         0.1027	         0		         0.0321	         0
a	         0.1179	         0		         0.0343	         0
s	         0.3523	         0		         0.0563	         0
w	         0.3032	         0		         0.0787	         0
s	         0.1069	         0		         0.0553	         0
p	         0.1214	         0		         0.0700	         0
p	         0.0938	         0		         0.0590	         0
e	         0.1228	         0		         0.0629	         0
v	         0.0827	         0		         0.0482	         0
l	         0.0752	         0		         0.0444	         0
v	         0.0953	         0		         0.0533	         0
l	         0.0780	         0		         0.0466	         0
e	         0.1080	         0		         0.0546	         0
g	         0.1440	         0		         0.0575	         0
t	         0.1594	         0		         0.0476	         0
l	         0.0948	         0		         0.0400	         0
a	         0.1278	         0		         0.0493	         0
r	         0.2529	         0		         0.0467	         0
m	         0.3063	         0		         0.0622	         0
g	         0.1171	         0		         0.0467	         0
q	         0.2664	         0		         0.0589	         0
t	         0.4689	         0		         0.0669	         0
y	         0.3278	         0		         0.0609	         0
a	         0.1399	         0		         0.0484	         0
y	         0.4454	         0		         0.0635	         0
r	         0.3212	         0		         0.0717	         0
l	         0.0805	         0		         0.0438	         0
y	         0.2224	         0		         0.0700	         0
p	         0.1161	         0		         0.0671	         0
k	         0.1344	         0		         0.0707	         0
g	         0.1325	         0		         0.0985	         0
r	         0.1343	         0		         0.0734	         0
r	         0.2691	         0		         0.1352	         0
p	         0.1031	         0		         0.0880	         0
l	         0.0687	         0		         0.0556	         0
d	         0.1277	         0		         0.1008	         0
p	         0.0878	         0		         0.0923	         0
k	         0.1563	         0		         0.0781	         0
d	         0.1459	         0		         0.0795	         0
p	         0.1226	         0		         0.0749	         0
g	         0.1586	         0		         0.0728	         0
e	         0.0939	         0		         0.0510	         0
r	         0.3565	         0		         0.0782	         0
s	         0.1356	         0		         0.0638	         0
v	         0.0860	         0		         0.0466	         0
l	         0.0717	         0		         0.0428	         0
s	         0.1228	         0		         0.0641	         0
a	         0.2388	         0		         0.0738	         0
l	         0.0833	         0		         0.0494	         0
a	         0.0918	         0		         0.0489	         0
r	         0.4102	         0		         0.0902	         0
r	         0.2380	         0		         0.0761	         0
l	         0.1115	         0		         0.0653	         0
l	         0.0749	         0		         0.0428	         0
q	         0.1057	         0		         0.0615	         0
e	         0.1284	         0		         0.0614	         0
r	         0.1729	         0		         0.0642	         0
l	         0.0847	         0		         0.0421	         0
r	         0.2881	         0		         0.0919	         0
r	         0.1834	         0		         0.0726	         0
l	         0.1038	         0		         0.0533	         0
e	         0.1442	         0		         0.0681	         0
g	         0.1977	         0		         0.0721	         0
v	         0.1474	         0		         0.0605	         0
w	         0.1021	         0		         0.0509	         0
v	         0.0920	         0		         0.0495	         0
e	         0.0913	         0		         0.0466	         0
g	         0.1238	         0		         0.0617	         0
l	         0.0866	         0		         0.0490	         0
a	         0.0865	         0		         0.0497	         0
v	         0.1560	         0		         0.0561	         0
y	         0.3196	         0		         0.0544	         0
r	         0.2355	         0		         0.0658	         0
r	         0.1511	         0		         0.0556	         0
e	         0.1011	         0		         0.0444	         0
h	         0.1580	         0		         0.0577	         0
a	         0.1441	         0		         0.0590	         0
r	         0.3481	         0		         0.1075	         0
g	         0.3022	         0		         0.0814	         0
p	         0.1711	         0		         0.0686	         0
g	         0.2929	         0		         0.0875	         0
w	         0.4077	         0		         0.0668	         0
r	         0.2851	         0		         0.0665	         0
v	         0.1123	         0		         0.0565	         0
l	         0.2396	         0		         0.0681	         0
g	         0.2485	         0		         0.0797	         0
g	         0.1658	         0		         0.0705	         0
a	         0.1311	         0		         0.0675	         0
v	         0.0982	         0		         0.0619	         0
l	         0.0759	         0		         0.0539	         0
d	         0.1126	         0		         0.0947	         0
l	         0.0778	         0		         0.0558	         0
w	         0.1236	         0		         0.0710	         0
v	         0.0917	         0		         0.0683	         0
s	         0.1501	         0		         0.0833	         0
d	         0.1628	         0		         0.0980	         0
s	         0.1395	         0		         0.0903	         0
g	         0.1311	         0		         0.0889	         0
a	         0.1225	         0		         0.0836	         0
f	         0.0746	         0		         0.0679	         0
l	         0.0812	         0		         0.0669	         0
l	         0.0690	         0		         0.0594	         0
e	         0.0711	         0		         0.0634	         0
v	         0.0734	         0		         0.0645	         0
d	         0.0909	         0		         0.0924	         0
p	         0.0825	         0		         0.0681	         0
a	         0.1430	         0		         0.0925	         0
y	         0.2307	         0		         0.1025	         0
r	         0.1902	         0		         0.0921	         0
i	         0.0843	         0		         0.0700	         0
l	         0.0950	         0		         0.0703	         0
c	         0.1077	         0		         0.0792	         0
e	         0.0885	         0		         0.0680	         0
m	         0.1020	         0		         0.0694	         0
s	         0.1407	         0		         0.0950	         0
l	         0.0720	         0		         0.0565	         0
e	         0.0939	         0		         0.0721	         0
a	         0.1031	         0		         0.0698	         0
w	         0.2098	         0		         0.0754	         0
l	         0.0773	         0		         0.0594	         0
a	         0.1049	         0		         0.0612	         0
q	         0.1793	         0		         0.0726	         0
g	         0.1627	         0		         0.0903	         0
h	         0.1731	         0		         0.0798	         0
p	         0.1247	         0		         0.0621	         0
l	         0.1007	         0		         0.0504	         0
p	         0.1579	         0		         0.0635	         0
k	         0.3135	         0		         0.0874	         0
r	         0.2506	         0		         0.0767	         0
v	         0.1031	         0		         0.0523	         0
r	         0.4477	         0		         0.0883	         0
n	         0.3419	         0		         0.0896	         0
a	         0.2970	         0		         0.0747	         0
y	         0.4190	         0		         0.0732	         0
d	         0.1521	         0		         0.0627	         0
r	         0.2456	         0		         0.0596	         0
r	         0.2000	         0		         0.0530	         0
t	         0.1954	         0		         0.0574	         0
w	         0.1821	         0		         0.0519	         0
e	         0.0983	         0		         0.0514	         0
l	         0.0782	         0		         0.0430	         0
l	         0.0827	         0		         0.0556	         0
r	         0.1232	         0		         0.0680	         0
l	         0.0738	         0		         0.0605	         0
g	         0.0912	         0		         0.0714	         0
e	         0.0965	         0		         0.0732	         0
e	         0.0942	         0		         0.0845	         0
d	         0.0923	         0		         0.0874	         0
p	         0.0810	         0		         0.0854	         0
k	         0.1233	         0		         0.0982	         0
e	         0.0899	         0		         0.0913	         0
l	         0.0792	         0		         0.0565	         0
p	         0.0969	         0		         0.0687	         0
l	         0.0779	         0		         0.0525	         0
p	         0.0901	         0		         0.0646	         0
g	         0.0892	         0		         0.0521	         0
g	         0.1193	         0		         0.0639	         0
l	         0.1083	         0		         0.0554	         0
s	         0.3094	         0		         0.0801	         0
l	         0.0796	         0		         0.0399	         0
l	         0.0792	         0		         0.0409	         0
d	         0.1297	         0		         0.0561	         0
y	         0.3914	         0		         0.0717	         0
h	         0.3571	         0		         0.0819	         0
a	         0.1701	         0		         0.0501	         0
s	         0.3818	         0		         0.0535	         0
k	         0.4717	         0		         0.0681	         0
g	         0.2133	         0		         0.0488	         0
R	         0.5096	         1		         0.0652	         0
l	         0.1833	         0		         0.0489	         0
q	         0.1623	         0		         0.0489	         0
g	         0.1428	         0		         0.0434	         0
r	         0.2427	         0		         0.0471	         0
e	         0.1753	         0		         0.0505	         0
g	         0.2761	         0		         0.0515	         0
g	         0.4264	         0		         0.0626	         0
r	         0.3099	         0		         0.0676	         0
v	         0.0866	         0		         0.0462	         0
a	         0.0853	         0		         0.0456	         0
w	         0.1445	         0		         0.0538	         0
v	         0.0794	         0		         0.0510	         0
a	         0.0922	         0		         0.0608	         0
d	         0.1083	         0		         0.0851	         0
p	         0.1044	         0		         0.0861	         0
k	         0.1937	         0		         0.1217	         0
d	         0.1076	         0		         0.0760	         0
p	         0.1071	         0		         0.1114	         0
r	         0.1255	         0		         0.0942	         0
k	         0.1608	         0		         0.1037	         0
p	         0.0944	         0		         0.0985	         0
i	         0.0945	         0		         0.0792	         0
p	         0.0953	         0		         0.0813	         0
H	         0.1806	         0		         0.1667	         1
l	         0.0772	         0		         0.0639	         0
t	         0.1609	         0		         0.1036	         0
g	         0.1281	         0		         0.0994	         0
l	         0.1028	         0		         0.0773	         0
l	         0.0809	         0		         0.0608	         0
v	         0.1959	         0		         0.0854	         0
p	         0.1000	         0		         0.0829	         0
v	         0.0874	         0		         0.0692	         0
l	         0.0799	         0		         0.0587	         0
t	         0.1376	         0		         0.0806	         0
l	         0.0900	         0		         0.0690	         0
e	         0.0832	         0		         0.0624	         0
d	         0.0979	         0		         0.0724	         0
l	         0.0757	         0		         0.0637	         0
h	         0.1106	         0		         0.0747	         0
e	         0.1064	         0		         0.0754	         0
e	         0.0780	         0		         0.0569	         0
e	         0.0830	         0		         0.0588	         0
g	         0.1006	         0		         0.0597	         0
s	         0.1142	         0		         0.0611	         0
l	         0.1048	         0		         0.0631	         0
a	         0.1125	         0		         0.0678	         0
l	         0.0912	         0		         0.0383	         0
s	         0.2053	         0		         0.0550	         0
l	         0.1161	         0		         0.0461	         0
p	         0.1523	         0		         0.0529	         0
w	         0.1009	         0		         0.0431	         0
e	         0.1257	         0		         0.0503	         0
e	         0.1191	         0		         0.0485	         0
r	         0.4613	         0		         0.0722	         0
r	         0.1400	         0		         0.0487	         0
r	         0.3755	         0		         0.0656	         0
r	         0.1822	         0		         0.0542	         0
t	         0.1620	         0		         0.0536	         0
r	         0.3064	         0		         0.0612	         0
e	         0.1506	         0		         0.0555	         0
i	         0.1049	         0		         0.0467	         0
a	         0.1011	         0		         0.0482	         0
s	         0.2643	         0		         0.0784	         0
w	         0.2269	         0		         0.0731	         0
i	         0.0883	         0		         0.0448	         0
g	         0.1052	         0		         0.0482	         0
r	         0.2452	         0		         0.0606	         0
r	         0.1903	         0		         0.0483	         0
l	         0.1867	         0		         0.0578	         0
g	         0.3926	         0		         0.0744	         0
l	         0.1037	         0		         0.0463	         0
g	         0.2591	         0		         0.0616	         0
t	         0.1187	         0		         0.0441	         0
p	         0.1075	         0		         0.0501	         0
e	         0.1673	         0		         0.0621	         0
a	         0.1200	         0		         0.0528	         0
v	         0.0966	         0		         0.0492	         0
r	         0.2210	         0		         0.0661	         0
a	         0.1173	         0		         0.0544	         0
q	         0.2085	         0		         0.0730	         0
a	         0.1870	         0		         0.0570	         0
y	         0.3938	         0		         0.0786	         0
r	         0.2058	         0		         0.0641	         0
l	         0.0910	         0		         0.0520	         0
s	         0.1315	         0		         0.0762	         0
i	         0.1642	         0		         0.0620	         0
p	         0.1341	         0		         0.0689	         0
k	         0.3267	         0		         0.0886	         0
l	         0.0822	         0		         0.0435	         0
m	         0.0815	         0		         0.0406	         0
g	         0.2291	         0		         0.0799	         0
r	         0.3824	         0		         0.0756	         0
R	         0.4763	         1		         0.0828	         0
a	         0.2983	         0		         0.0762	         0
v	         0.1782	         0		         0.0621	         0
s	         0.3089	         0		         0.0894	         0
k	         0.4534	         0		         0.1000	         0
p	         0.1308	         0		         0.0687	         0
a	         0.1158	         0		         0.0548	         0
d	         0.1419	         0		         0.0745	         0
a	         0.1221	         0		         0.0606	         0
l	         0.0808	         0		         0.0426	         0
r	         0.2265	         0		         0.0712	         0
v	         0.1823	         0		         0.0704	         0
g	         0.1498	         0		         0.0819	         0
f	         0.0840	         0		         0.0633	         0
y	         0.1854	         0		         0.0656	         0
r	         0.3428	         0		         0.0741	         0
a	         0.1342	         0		         0.0558	         0
q	         0.1474	         0		         0.0737	         0
e	         0.1097	         0		         0.0571	         0
t	         0.2146	         0		         0.0710	         0
a	         0.1890	         0		         0.0678	         0
l	         0.0986	         0		         0.0598	         0
a	         0.0952	         0		         0.0565	         0
l	         0.0737	         0		         0.0745	         0
l	         0.0725	         0		         0.0582	         0
r	         0.1641	         0		         0.0931	         0
l	         0.0759	         0		         0.0579	         0
d	         0.0991	         0		         0.0824	         0
g	         0.1372	         0		         0.0986	         0
a	         0.1534	         0		         0.0931	         0
q	         0.1661	         0		         0.1065	         0
g	         0.1208	         0		         0.0661	         0
w	         0.1671	         0		         0.0916	         0
p	         0.0928	         0		         0.0793	         0
e	         0.1017	         0		         0.0791	         0
f	         0.0956	         0		         0.0747	         0
l	         0.0842	         0		         0.0754	         0
r	         0.1063	         0		         0.0842	         0
r	         0.2280	         0		         0.0948	         0
a	         0.1099	         0		         0.0887	         0
l	         0.0681	         0		         0.0519	         0
l	         0.1220	         0		         0.0681	         0
r	         0.1888	         0		         0.0814	         0
a	         0.0999	         0		         0.0631	         0
f	         0.1610	         0		         0.0733	         0
g	         0.3222	         0		         0.0956	         0
a	         0.3406	         0		         0.0944	         0
s	         0.2281	         0		         0.0753	         0
g	         0.3501	         0		         0.0992	         0
a	         0.1497	         0		         0.0651	         0
s	         0.2580	         0		         0.0833	         0
l	         0.0936	         0		         0.0516	         0
r	         0.2334	         0		         0.0779	         0
l	         0.0859	         0		         0.0545	         0
h	         0.2000	         0		         0.0687	         0
t	         0.1442	         0		         0.0769	         0
l	         0.1630	         0		         0.0885	         0
h	         0.3064	         0		         0.1096	         0
a	         0.1851	         0		         0.0843	         0
h	         0.1621	         0		         0.0713	         0
p	         0.1499	         0		         0.0973	         0
s	         0.1833	         0		         0.0897	         0
q	         0.1579	         0		         0.0815	         0
g	         0.1566	         0		         0.0769	         0
l	         0.0802	         0		         0.0515	         0
a	         0.1180	         0		         0.0688	         0
f	         0.1190	         0		         0.0683	         0
r	         0.1849	         0		         0.0767	         0
e	         0.1546	         0		         0.0866	         0
a	         0.0862	         0		         0.0688	         0
l	         0.1163	         0		         0.0704	         0
r	         0.1779	         0		         0.0793	         0
k	         0.1929	         0		         0.0810	         0
a	         0.1126	         0		         0.0637	         0
k	         0.1226	         0		         0.0697	         0
e	         0.1177	         0		         0.0694	         0
e	         0.1177	         0		         0.0715	         0
g	         0.1252	         0		         0.0857	         0
v	         0.1022	         0		         0.0667	         0
q	         0.1352	         0		         0.0778	         0
a	         0.1435	         0		         0.0834	         0
v	         0.0982	         0		         0.0742	         0
l	         0.0758	         0		         0.0670	         0
v	         0.0845	         0		         0.0633	         0
l	         0.0802	         0		         0.0591	         0
t	         0.1097	         0		         0.0743	         0
p	         0.1271	         0		         0.0669	         0
p	         0.1342	         0		         0.0596	         0
m	         0.1192	         0		         0.0574	         0
a	         0.1346	         0		         0.0613	         0
w	         0.2389	         0		         0.0733	         0
e	         0.1517	         0		         0.0656	         0
d	         0.1575	         0		         0.0850	         0
r	         0.3555	         0		         0.0993	         0
n	         0.2100	         0		         0.0880	         0
r	         0.1500	         0		         0.0731	         0
l	         0.0769	         0		         0.0507	         0
k	         0.2876	         0		         0.1132	         0
a	         0.1042	         0		         0.0610	         0
l	         0.0862	         0		         0.0728	         0
l	         0.0692	         0		         0.0534	         0
l	         0.0724	         0		         0.0594	         0
r	         0.1196	         0		         0.0800	         0
e	         0.0807	         0		         0.0716	         0
g	         0.1497	         0		         0.0926	         0
l	         0.0794	         0		         0.0614	         0
p	         0.0989	         0		         0.0773	         0
s	         0.1461	         0		         0.0716	         0
q	         0.2566	         0		         0.0887	         0
i	         0.0809	         0		         0.0617	         0
l	         0.0743	         0		         0.0586	         0
n	         0.1334	         0		         0.0755	         0
v	         0.0793	         0		         0.0587	         0
p	         0.0733	         0		         0.0630	         0
l	         0.0851	         0		         0.0618	         0
r	         0.0860	         0		         0.0592	         0
e	         0.0781	         0		         0.0774	         0
e	         0.0864	         0		         0.0798	         0
e	         0.0959	         0		         0.0866	         0
r	         0.1112	         0		         0.0760	         0
h	         0.1267	         0		         0.0908	         0
r	         0.1905	         0		         0.0889	         0
w	         0.1094	         0		         0.0738	         0
e	         0.1578	         0		         0.0912	         0
n	         0.1846	         0		         0.0857	         0
a	         0.0742	         0		         0.0513	         0
l	         0.0726	         0		         0.0528	         0
l	         0.0770	         0		         0.0526	         0
g	         0.1038	         0		         0.0682	         0
l	         0.0690	         0		         0.0535	         0
l	         0.1011	         0		         0.0706	         0
a	         0.1047	         0		         0.0669	         0
k	         0.3141	         0		         0.0936	         0
a	         0.0959	         0		         0.0555	         0
g	         0.1419	         0		         0.0747	         0
l	         0.1902	         0		         0.0718	         0
q	         0.1573	         0		         0.0875	         0
v	         0.1134	         0		         0.0679	         0
v	         0.1504	         0		         0.0588	         0
a	         0.1224	         0		         0.0617	         0
l	         0.0826	         0		         0.0637	         0
s	         0.1062	         0		         0.0767	         0
g	         0.1456	         0		         0.1060	         0
a	         0.1157	         0		         0.0972	         0
y	         0.1363	         0		         0.0906	         0
p	         0.1166	         0		         0.0859	         0
a	         0.1166	         0		         0.0776	         0
e	         0.1096	         0		         0.0823	         0
l	         0.0733	         0		         0.0618	         0
a	         0.1069	         0		         0.0746	         0
v	         0.0892	         0		         0.0515	         0
g	         0.1612	         0		         0.0693	         0
f	         0.0946	         0		         0.0448	         0
d	         0.2143	         0		         0.0666	         0
a	         0.1631	         0		         0.0556	         0
g	         0.1593	         0		         0.0526	         0
g	         0.1458	         0		         0.0470	         0
r	         0.3153	         0		         0.0562	         0
e	         0.2439	         0		         0.0631	         0
s	         0.4222	         0		         0.0693	         0
f	         0.2392	         0		         0.0557	         0
r	         0.4392	         0		         0.0993	         0
f	         0.2384	         0		         0.0684	         0
g	         0.1742	         0		         0.0649	         0
g	         0.2663	         0		         0.0857	         0
a	         0.1148	         0		         0.0678	         0
a	         0.1153	         0		         0.0579	         0
c	         0.3077	         0		         0.0791	         0
a	         0.2293	         0		         0.0684	         0
v	         0.1523	         0		         0.0702	         0
g	         0.1685	         0		         0.0702	         0
g	         0.2263	         0		         0.0860	         0
d	         0.1975	         0		         0.0912	         0
g	         0.2999	         0		         0.0866	         0
g	         0.3181	         0		         0.0777	         0
h	         0.3370	         0		         0.0767	         0
l	         0.0902	         0		         0.0512	         0
l	         0.1189	         0		         0.0583	         0
w	         0.1329	         0		         0.0672	         0
t	         0.1036	         0		         0.0607	         0
l	         0.0757	         0		         0.0523	         0
p	         0.1044	         0		         0.0633	         0
e	         0.0935	         0		         0.0543	         0
a	         0.0876	         0		         0.0632	         0
q	         0.1285	         0		         0.0797	         0
a	         0.1170	         0		         0.0814	         0
g	         0.1161	         0		         0.0874	         0
e	         0.0855	         0		         0.0692	         0
r	         0.1971	         0		         0.0991	         0
i	         0.0776	         0		         0.0613	         0
p	         0.1410	         0		         0.0806	         0
q	         0.0911	         0		         0.0789	         0
e	         0.0843	         0		         0.0697	         0
v	         0.0755	         0		         0.0640	         0
v	         0.0732	         0		         0.0659	         0
w	         0.0875	         0		         0.0685	         0
d	         0.0765	         0		         0.0800	         0
l	         0.0675	         0		         0.0685	         0
l	         0.0697	         0		         0.0654	         0
e	         0.0924	         0		         0.0640	         0
e	         0.1025	         0		         0.0567	         0
t	         0.0930	         0		         0.0516	         0
l	         0.0756	         0		         0.0439	         0
w	         0.1304	         0		         0.0642	         0
a	         0.1076	         0		         0.0570	         0
f	         0.1809	         0		         0.0846	         0
r	         0.3016	         0		         0.0878	         0
r	         0.4171	         0		         0.1043	         0
k	         0.2766	         0		         0.1084	         0
a	         0.2025	         0		         0.1013	         0
G	         0.2928	         0		         0.1497	         1
r	         0.3626	         0		         0.1292	         0
l	         0.1425	         0		         0.0828	         0
p	         0.1076	         0		         0.1082	         0
s	         0.1883	         0		         0.1186	         0
R	         0.2485	         0		         0.1521	         1
v	         0.0665	         0		         0.0618	         0
l	         0.0672	         0		         0.0662	         0
l	         0.0751	         0		         0.0561	         0
l	         0.1035	         0		         0.0875	         0
r	         0.2409	         0		         0.1120	         0
d	         0.1581	         0		         0.1146	         0
g	         0.1982	         0		         0.1041	         0
r	         0.1687	         0		         0.0896	         0
v	         0.0977	         0		         0.0727	         0
p	         0.1614	         0		         0.0845	         0
q	         0.1166	         0		         0.0727	         0
d	         0.0905	         0		         0.0718	         0
e	         0.0733	         0		         0.0629	         0
f	         0.0741	         0		         0.0646	         0
a	         0.0837	         0		         0.0752	         0
l	         0.0882	         0		         0.0823	         0
a	         0.0720	         0		         0.0689	         0
l	         0.0837	         0		         0.0834	         0
e	         0.0829	         0		         0.0833	         0
a	         0.0737	         0		         0.0752	         0
l	         0.0733	         0		         0.0703	         0
a	         0.1048	         0		         0.0850	         0
r	         0.1328	         0		         0.0899	         0
e	         0.0870	         0		         0.0864	         0
g	         0.1029	         0		         0.0833	         0
i	         0.0885	         0		         0.0699	         0
a	         0.0866	         0		         0.0501	         0
y	         0.1291	         0		         0.0567	         0
d	         0.1008	         0		         0.0484	         0
l	         0.0770	         0		         0.0373	         0
v	         0.0847	         0		         0.0397	         0
s	         0.1554	         0		         0.0568	         0
v	         0.0982	         0		         0.0407	         0
r	         0.3638	         0		         0.0667	         0
K	         0.5003	         1		         0.0733	         0
S	         0.6468	         1		         0.0997	         0
g	         0.3291	         0		         0.0611	         0
g	         0.2493	         0		         0.0634	         0
g	         0.1880	         0		         0.0611	         0
R	         0.5774	         1		         0.0753	         0
v	         0.1313	         0		         0.0438	         0
y	         0.2048	         0		         0.0460	         0
p	         0.1573	         0		         0.0469	         0
v	         0.1229	         0		         0.0430	         0
q	         0.1576	         0		         0.0611	         0
g	         0.1292	         0		         0.0447	         0
r	         0.3866	         0		         0.0573	         0
l	         0.1158	         0		         0.0510	         0
a	         0.1398	         0		         0.0552	         0
d	         0.1385	         0		         0.0681	         0
g	         0.0830	         0		         0.0497	         0
l	         0.0795	         0		         0.0483	         0
y	         0.0976	         0		         0.0555	         0
v	         0.0799	         0		         0.0575	         0
p	         0.0914	         0		         0.1007	         0
l	         0.0823	         0		         0.0860	         0
e	         0.0835	         0		         0.0836	         0
d	         0.1092	         0		         0.1038	         0
k	         0.1309	         0		         0.1086	         0
t	         0.1007	         0		         0.0951	         0
f	         0.0826	         0		         0.0666	         0
l	         0.0732	         0		         0.0557	         0
l	         0.0747	         0		         0.0614	         0
l	         0.0945	         0		         0.0597	         0
t	         0.1641	         0		         0.0925	         0
v	         0.1333	         0		         0.0784	         0
h	         0.1379	         0		         0.0657	         0
r	         0.2634	         0		         0.1134	         0
d	         0.2636	         0		         0.0981	         0
f	         0.2194	         0		         0.0878	         0
r	         0.3439	         0		         0.1193	         0
g	         0.2243	         0		         0.0876	         0
t	         0.1589	         0		         0.0819	         0
p	         0.1165	         0		         0.0839	         0
r	         0.3101	         0		         0.1025	         0
p	         0.1047	         0		         0.0953	         0
l	         0.0656	         0		         0.0545	         0
k	         0.1136	         0		         0.0866	         0
l	         0.0678	         0		         0.0540	         0
v	         0.0862	         0		         0.0697	         0
h	         0.1386	         0		         0.0732	         0
e	         0.1212	         0		         0.0719	         0
a	         0.1252	         0		         0.1032	         0
g	         0.1114	         0		         0.1098	         0
d	         0.1054	         0		         0.1014	         0
t	         0.1128	         0		         0.0915	         0
p	         0.0944	         0		         0.0950	         0
l	         0.0740	         0		         0.0722	         0
e	         0.0849	         0		         0.0932	         0
a	         0.0921	         0		         0.0894	         0
l	         0.0700	         0		         0.0704	         0
a	         0.0726	         0		         0.0690	         0
h	         0.1231	         0		         0.0885	         0
q	         0.0989	         0		         0.0921	         0
i	         0.0839	         0		         0.0570	         0
f	         0.0969	         0		         0.0667	         0
h	         0.1522	         0		         0.0854	         0
l	         0.0718	         0		         0.0472	         0
t	         0.2098	         0		         0.1077	         0
r	         0.2423	         0		         0.1387	         0
l	         0.1182	         0		         0.0966	         0
y	         0.3760	         0		         0.1228	         0
p	         0.2267	         0		         0.1056	         0
a	         0.2344	         0		         0.1059	         0
s	         0.2865	         0		         0.1279	         0
g	         0.1459	         0		         0.0980	         0
f	         0.1572	         0		         0.1003	         0
a	         0.1113	         0		         0.0795	         0
f	         0.1648	         0		         0.1050	         0
P	         0.1397	         0		         0.1549	         1
R	         0.2365	         0		         0.1766	         1
l	         0.0612	         0		         0.0683	         0
P	         0.0747	         0		         0.1495	         1
a	         0.0700	         0		         0.0875	         0
p	         0.1110	         0		         0.1333	         0
l	         0.0653	         0		         0.0650	         0
h	         0.1550	         0		         0.1443	         0
l	         0.0840	         0		         0.1030	         0
a	         0.0834	         0		         0.0726	         0
d	         0.1091	         0		         0.1399	         0
r	         0.1371	         0		         0.0890	         0
l	         0.0778	         0		         0.0645	         0
v	         0.1065	         0		         0.0654	         0
k	         0.2772	         0		         0.1046	         0
e	         0.0978	         0		         0.0663	         0
v	         0.0897	         0		         0.0579	         0
g	         0.1968	         0		         0.0810	         0
r	         0.3491	         0		         0.0881	         0
l	         0.0830	         0		         0.0518	         0
g	         0.1417	         0		         0.0588	         0
i	         0.1079	         0		         0.0585	         0
r	         0.2750	         0		         0.0846	         0
h	         0.1209	         0		         0.0663	         0
l	         0.0784	         0		         0.0468	         0
k	         0.2093	         0		         0.0763	         0
e	         0.1600	         0		         0.0858	         0
v	         0.0813	         0		         0.0604	         0
d	         0.0938	         0		         0.0763	         0
r	         0.1436	         0		         0.0773	         0
e	         0.0822	         0		         0.0674	         0
k	         0.1592	         0		         0.0963	         0
l	         0.0692	         0		         0.0583	         0
f	         0.0739	         0		         0.0829	         0
f	         0.0720	         0		         0.0832	         0
v	         0.0677	         0		         0.0691	         0
