m	         0.1234	         0		         0.0786	         0
a	         0.1720	         0		         0.0808	         0
p	         0.1415	         0		         0.0821	         0
v	         0.1006	         0		         0.0607	         0
p	         0.0929	         0		         0.0594	         0
p	         0.0898	         0		         0.0563	         0
g	         0.1532	         0		         0.0622	         0
e	         0.1027	         0		         0.0563	         0
d	         0.1130	         0		         0.0599	         0
s	         0.1500	         0		         0.0601	         0
k	         0.2527	         0		         0.0492	         0
d	         0.1073	         0		         0.0468	         0
v	         0.1094	         0		         0.0482	         0
a	         0.1450	         0		         0.0468	         0
a	         0.2360	         0		         0.0499	         0
p	         0.1884	         0		         0.0509	         0
h	         0.2626	         0		         0.0482	         0
r	         0.3926	         0		         0.0497	         0
q	         0.1294	         0		         0.0458	         0
p	         0.1415	         0		         0.0463	         0
l	         0.1290	         0		         0.0445	         0
t	         0.4172	         0		         0.0490	         0
s	         0.4014	         0		         0.0496	         0
s	         0.1658	         0		         0.0472	         0
e	         0.1503	         0		         0.0469	         0
r	         0.3499	         0		         0.0491	         0
i	         0.1317	         0		         0.0455	         0
d	         0.1207	         0		         0.0447	         0
k	         0.1540	         0		         0.0453	         0
q	         0.0956	         0		         0.0451	         0
i	         0.0944	         0		         0.0458	         0
r	         0.2965	         0		         0.0524	         0
y	         0.3121	         0		         0.0520	         0
i	         0.1057	         0		         0.0501	         0
l	         0.0922	         0		         0.0394	         0
d	         0.1924	         0		         0.0426	         0
g	         0.1262	         0		         0.0405	         0
i	         0.1168	         0		         0.0394	         0
s	         0.1985	         0		         0.0424	         0
a	         0.1338	         0		         0.0402	         0
l	         0.1295	         0		         0.0391	         0
R	         0.4775	         1		         0.0418	         0
k	         0.3926	         0		         0.0405	         0
e	         0.1430	         0		         0.0386	         0
t	         0.1391	         0		         0.0392	         0
c	         0.1099	         0		         0.0415	         0
n	         0.2904	         0		         0.0396	         0
K	         0.5220	         1		         0.0401	         0
s	         0.4159	         0		         0.0422	         0
n	         0.3682	         0		         0.0405	         0
m	         0.2345	         0		         0.0380	         0
c	         0.1099	         0		         0.0400	         0
e	         0.1649	         0		         0.0378	         0
s	         0.2560	         0		         0.0390	         0
s	         0.3086	         0		         0.0403	         0
k	         0.2074	         0		         0.0472	         0
e	         0.1137	         0		         0.0477	         0
a	         0.1391	         0		         0.0519	         0
l	         0.0968	         0		         0.0488	         0
a	         0.1230	         0		         0.0496	         0
e	         0.1381	         0		         0.0496	         0
n	         0.2897	         0		         0.0522	         0
n	         0.3030	         0		         0.0522	         0
l	         0.1028	         0		         0.0490	         0
n	         0.2940	         0		         0.0540	         0
l	         0.1016	         0		         0.0489	         0
p	         0.1249	         0		         0.0525	         0
k	         0.2156	         0		         0.0541	         0
m	         0.1097	         0		         0.0512	         0
a	         0.1602	         0		         0.0492	         0
e	         0.1308	         0		         0.0451	         0
k	         0.2096	         0		         0.0463	         0
d	         0.1540	         0		         0.0456	         0
g	         0.2629	         0		         0.0415	         0
c	         0.1038	         0		         0.0426	         0
f	         0.2407	         0		         0.0413	         0
q	         0.3740	         0		         0.0413	         0
s	         0.4216	         0		         0.0407	         0
g	         0.3530	         0		         0.0407	         0
f	         0.2047	         0		         0.0399	         0
N	         0.4942	         1		         0.0406	         0
e	         0.2951	         0		         0.0406	         0
e	         0.1437	         0		         0.0386	         0
t	         0.2166	         0		         0.0403	         0
c	         0.0886	         0		         0.0407	         0
l	         0.0845	         0		         0.0375	         0
v	         0.1668	         0		         0.0400	         0
K	         0.4888	         1		         0.0443	         0
i	         0.1075	         0		         0.0381	         0
i	         0.1400	         0		         0.0399	         0
t	         0.1540	         0		         0.0404	         0
g	         0.1343	         0		         0.0413	         0
l	         0.0832	         0		         0.0377	         0
l	         0.0968	         0		         0.0386	         0
e	         0.1005	         0		         0.0387	         0
f	         0.1055	         0		         0.0616	         0
e	         0.1192	         0		         0.0613	         0
v	         0.0930	         0		         0.0575	         0
y	         0.1208	         0		         0.0515	         0
l	         0.0825	         0		         0.0485	         0
e	         0.1102	         0		         0.0508	         0
y	         0.2163	         0		         0.0540	         0
l	         0.0918	         0		         0.0487	         0
q	         0.1574	         0		         0.0527	         0
n	         0.1580	         0		         0.0516	         0
r	         0.3117	         0		         0.0527	         0
f	         0.1457	         0		         0.0518	         0
e	         0.1438	         0		         0.0506	         0
s	         0.2173	         0		         0.0510	         0
s	         0.2022	         0		         0.0507	         0
e	         0.1734	         0		         0.0507	         0
e	         0.1393	         0		         0.0494	         0
q	         0.2558	         0		         0.0517	         0
a	         0.1372	         0		         0.0534	         0
r	         0.1997	         0		         0.0445	         0
a	         0.1504	         0		         0.0443	         0
v	         0.1597	         0		         0.0433	         0
q	         0.2540	         0		         0.0455	         0
m	         0.2052	         0		         0.0449	         0
s	         0.2258	         0		         0.0449	         0
t	         0.2431	         0		         0.0447	         0
k	         0.4168	         0		         0.0459	         0
v	         0.1763	         0		         0.0439	         0
l	         0.0939	         0		         0.0420	         0
i	         0.1331	         0		         0.0429	         0
q	         0.2377	         0		         0.0465	         0
f	         0.1405	         0		         0.0448	         0
l	         0.1064	         0		         0.0432	         0
q	         0.3050	         0		         0.0483	         0
k	         0.3590	         0		         0.0531	         0
k	         0.2481	         0		         0.0535	         0
a	         0.1305	         0		         0.0505	         0
k	         0.2979	         0		         0.0538	         0
n	         0.1942	         0		         0.0543	         0
l	         0.1084	         0		         0.0491	         0
d	         0.1298	         0		         0.0502	         0
a	         0.1393	         0		         0.0483	         0
i	         0.1125	         0		         0.0471	         0
t	         0.1230	         0		         0.0493	         0
t	         0.2027	         0		         0.0500	         0
p	         0.1666	         0		         0.0496	         0
d	         0.3327	         0		         0.0505	         0
p	         0.3045	         0		         0.0513	         0
t	         0.3709	         0		         0.0490	         0
t	         0.3545	         0		         0.0499	         0
n	         0.2227	         0		         0.0487	         0
a	         0.2014	         0		         0.0480	         0
s	         0.3110	         0		         0.0484	         0
l	         0.0958	         0		         0.0445	         0
l	         0.0972	         0		         0.0450	         0
t	         0.1290	         0		         0.0471	         0
k	         0.2056	         0		         0.0479	         0
l	         0.0949	         0		         0.0446	         0
q	         0.2313	         0		         0.0483	         0
a	         0.3798	         0		         0.0491	         0
q	         0.1678	         0		         0.0476	         0
n	         0.2212	         0		         0.0501	         0
q	         0.1834	         0		         0.0475	         0
w	         0.2630	         0		         0.0478	         0
l	         0.1599	         0		         0.0462	         0
q	         0.3410	         0		         0.0509	         0
d	         0.3372	         0		         0.0529	         0
m	         0.1847	         0		         0.0519	         0
t	         0.2052	         0		         0.0528	         0
t	         0.1206	         0		         0.0499	         0
h	         0.1987	         0		         0.0566	         0
l	         0.1106	         0		         0.0501	         0
i	         0.1007	         0		         0.0489	         0
l	         0.0874	         0		         0.0486	         0
r	         0.2955	         0		         0.0644	         0
s	         0.1626	         0		         0.0587	         0
f	         0.0899	         0		         0.0517	         0
k	         0.1648	         0		         0.0543	         0
e	         0.2360	         0		         0.0460	         0
f	         0.1478	         0		         0.0465	         0
l	         0.0955	         0		         0.0390	         0
q	         0.2193	         0		         0.0446	         0
s	         0.1830	         0		         0.0460	         0
s	         0.2006	         0		         0.0448	         0
l	         0.1369	         0		         0.0412	         0
r	         0.4710	         0		         0.0467	         0
a	         0.1305	         0		         0.0409	         0
l	         0.1049	         0		         0.0413	         0
r	         0.3013	         0		         0.0473	         0
q	         0.1439	         0		         0.0441	         0
m	         0.1605	         0		         0.0459	         0
