g	         0.3467	         0		         0.0508	         0
d	         0.2705	         0		         0.0577	         0
m	         0.1886	         0		         0.0525	         0
s	         0.2059	         0		         0.0524	         0
h	         0.3634	         0		         0.0522	         0
k	         0.3193	         0		         0.0530	         0
e	         0.2193	         0		         0.0532	         0
f	         0.1144	         0		         0.0483	         0
t	         0.2668	         0		         0.0558	         0
k	         0.2905	         0		         0.0543	         0
f	         0.1488	         0		         0.0495	         0
c	         0.0990	         0		         0.0472	         0
y	         0.2511	         0		         0.0526	         0
e	         0.1594	         0		         0.0528	         0
v	         0.1036	         0		         0.0494	         0
y	         0.1569	         0		         0.0508	         0
n	         0.1518	         0		         0.0512	         0
e	         0.1930	         0		         0.0523	         0
i	         0.1396	         0		         0.0494	         0
k	         0.3144	         0		         0.0537	         0
i	         0.1457	         0		         0.0509	         0
s	         0.2699	         0		         0.0535	         0
d	         0.1573	         0		         0.0525	         0
k	         0.1605	         0		         0.0506	         0
e	         0.1334	         0		         0.0502	         0
f	         0.1576	         0		         0.0508	         0
k	         0.2434	         0		         0.0527	         0
e	         0.1777	         0		         0.0533	         0
k	         0.3163	         0		         0.0567	         0
r	         0.2500	         0		         0.0552	         0
a	         0.1623	         0		         0.0530	         0
a	         0.1096	         0		         0.0517	         0
l	         0.1267	         0		         0.0534	         0
d	         0.1918	         0		         0.0545	         0
t	         0.1688	         0		         0.0557	         0
l	         0.0894	         0		         0.0478	         0
r	         0.1810	         0		         0.0540	         0
l	         0.1775	         0		         0.0549	         0
c	         0.0967	         0		         0.0492	         0
l	         0.1022	         0		         0.0487	         0
k	         0.3490	         0		         0.0595	         0
r	         0.2519	         0		         0.0551	         0
i	         0.1440	         0		         0.0495	         0
s	         0.1610	         0		         0.0523	         0
p	         0.1493	         0		         0.0533	         0
d	         0.1896	         0		         0.0544	         0
a	         0.1188	         0		         0.0330	         0
e	         0.2111	         0		         0.0355	         0
l	         0.1145	         0		         0.0320	         0
v	         0.2010	         0		         0.0337	         0
a	         0.1272	         0		         0.0326	         0
f	         0.1864	         0		         0.0358	         0
g	         0.3173	         0		         0.0353	         0
S	         0.6565	         1		         0.0372	         0
l	         0.3246	         0		         0.0351	         0
e	         0.1761	         0		         0.0327	         0
s	         0.4107	         0		         0.0353	         0
g	         0.2387	         0		         0.0353	         0
l	         0.1154	         0		         0.0320	         0
a	         0.2424	         0		         0.0337	         0
l	         0.1897	         0		         0.0319	         0
k	         0.3683	         0		         0.0493	         0
n	         0.2561	         0		         0.0487	         0
s	         0.2917	         0		         0.0508	         0
d	         0.1608	         0		         0.0530	         0
m	         0.1070	         0		         0.0465	         0
d	         0.1549	         0		         0.0544	         0
l	         0.0924	         0		         0.0468	         0
c	         0.0917	         0		         0.0492	         0
v	         0.0850	         0		         0.0524	         0
l	         0.1044	         0		         0.0553	         0
m	         0.1083	         0		         0.0652	         0
d	         0.1121	         0		         0.0669	         0
s	         0.1517	         0		         0.0673	         0
r	         0.1884	         0		         0.0663	         0
v	         0.1404	         0		         0.0627	         0
q	         0.1606	         0		         0.0647	         0
s	         0.2056	         0		         0.0658	         0
d	         0.1528	         0		         0.0645	         0
t	         0.1430	         0		         0.0641	         0
i	         0.1077	         0		         0.0607	         0
a	         0.0951	         0		         0.0598	         0
l	         0.1338	         0		         0.0622	         0
q	         0.1372	         0		         0.0637	         0
f	         0.0862	         0		         0.0590	         0
y	         0.1335	         0		         0.0656	         0
e	         0.1283	         0		         0.0682	         0
e	         0.1026	         0		         0.0612	         0
l	         0.0894	         0		         0.0589	         0
i	         0.1341	         0		         0.0542	         0
a	         0.1400	         0		         0.0545	         0
e	         0.1501	         0		         0.0547	         0
g	         0.1694	         0		         0.0534	         0
f	         0.1671	         0		         0.0414	         0
e	         0.2055	         0		         0.0429	         0
g	         0.1262	         0		         0.0405	         0
k	         0.2729	         0		         0.0431	         0
f	         0.1453	         0		         0.0420	         0
l	         0.1307	         0		         0.0413	         0
q	         0.1961	         0		         0.0459	         0
r	         0.4609	         0		         0.0514	         0
a	         0.1320	         0		         0.0413	         0
r	         0.3514	         0		         0.0514	         0
i	         0.1289	         0		         0.0441	         0
p	         0.1372	         0		         0.0521	         0
i	         0.1122	         0		         0.0425	         0
i	         0.1079	         0		         0.0380	         0
k	         0.3116	         0		         0.0453	         0
l	         0.1199	         0		         0.0392	         0
t	         0.1777	         0		         0.0395	         0
s	         0.2064	         0		         0.0416	         0
d	         0.2775	         0		         0.0416	         0
t	         0.3346	         0		         0.0405	         0
K	         0.5562	         1		         0.0387	         0
n	         0.3597	         0		         0.0401	         0
G	         0.4859	         1		         0.0405	         0
f	         0.2969	         0		         0.0378	         0
g	         0.3736	         0		         0.0400	         0
a	         0.4572	         0		         0.0408	         0
s	         0.4495	         0		         0.0432	         0
f	         0.1590	         0		         0.0377	         0
q	         0.4181	         0		         0.0428	         0
c	         0.1527	         0		         0.0420	         0
a	         0.3236	         0		         0.0430	         0
i	         0.1605	         0		         0.0375	         0
G	         0.5233	         1		         0.0469	         0
f	         0.1757	         0		         0.0421	         0
n	         0.4320	         0		         0.0455	         0
n	         0.3600	         0		         0.0449	         0
r	         0.3363	         0		         0.0431	         0
l	         0.1851	         0		         0.0402	         0
a	         0.3198	         0		         0.0416	         0
i	         0.1825	         0		         0.0400	         0
h	         0.3559	         0		         0.0515	         0
n	         0.3552	         0		         0.0526	         0
t	         0.4267	         0		         0.0535	         0
l	         0.2096	         0		         0.0479	         0
l	         0.1134	         0		         0.0449	         0
l	         0.1128	         0		         0.0435	         0
s	         0.3528	         0		         0.0524	         0
s	         0.1807	         0		         0.0494	         0
y	         0.3396	         0		         0.0529	         0
t	         0.1920	         0		         0.0516	         0
k	         0.4016	         0		         0.0523	         0
l	         0.1421	         0		         0.0464	         0
d	         0.1887	         0		         0.0561	         0
a	         0.1610	         0		         0.0543	         0
r	         0.2925	         0		         0.0573	         0
l	         0.1125	         0		         0.0473	         0
k	         0.3205	         0		         0.0546	         0
p	         0.1478	         0		         0.0522	         0
m	         0.0866	         0		         0.0440	         0
v	         0.1065	         0		         0.0474	         0
l	         0.1072	         0		         0.0403	         0
l	         0.0987	         0		         0.0393	         0
v	         0.1003	         0		         0.0374	         0
k	         0.4105	         0		         0.0503	         0
h	         0.2965	         0		         0.0476	         0
w	         0.3139	         0		         0.0450	         0
a	         0.1559	         0		         0.0404	         0
K	         0.5401	         1		         0.0505	         0
r	         0.4299	         0		         0.0449	         0
K	         0.5025	         1		         0.0476	         0
q	         0.3843	         0		         0.0480	         0
i	         0.1374	         0		         0.0380	         0
n	         0.3437	         0		         0.0451	         0
s	         0.2819	         0		         0.0369	         0
p	         0.2549	         0		         0.0321	         0
y	         0.4267	         0		         0.0338	         0
f	         0.4072	         0		         0.0334	         0
g	         0.4624	         0		         0.0348	         0
T	         0.5300	         1		         0.0358	         0
l	         0.1595	         0		         0.0287	         0
S	         0.6689	         1		         0.0350	         0
S	         0.7439	         1		         0.0351	         0
Y	         0.5655	         1		         0.0371	         0
g	         0.1975	         0		         0.0319	         0
y	         0.1634	         0		         0.0305	         0
v	         0.1627	         0		         0.0317	         0
l	         0.1003	         0		         0.0295	         0
m	         0.1309	         0		         0.0331	         0
v	         0.0975	         0		         0.0311	         0
l	         0.0927	         0		         0.0431	         0
y	         0.2297	         0		         0.0654	         0
y	         0.2360	         0		         0.0650	         0
l	         0.0855	         0		         0.0527	         0
i	         0.1209	         0		         0.0592	         0
h	         0.2413	         0		         0.0684	         0
v	         0.1392	         0		         0.0628	         0
i	         0.1373	         0		         0.0605	         0
k	         0.2650	         0		         0.0653	         0
p	         0.1405	         0		         0.0638	         0
p	         0.1398	         0		         0.0650	         0
v	         0.1101	         0		         0.0584	         0
f	         0.0931	         0		         0.0554	         0
p	         0.1227	         0		         0.0629	         0
n	         0.1990	         0		         0.0639	         0
l	         0.0936	         0		         0.0538	         0
l	         0.1702	         0		         0.0671	         0
l	         0.1202	         0		         0.0654	         0
s	         0.1125	         0		         0.0635	         0
p	         0.1146	         0		         0.0641	         0
l	         0.1169	         0		         0.0625	         0
k	         0.1888	         0		         0.0649	         0
q	         0.1484	         0		         0.0651	         0
e	         0.1154	         0		         0.0637	         0
k	         0.1426	         0		         0.0620	         0
i	         0.1386	         0		         0.0611	         0
v	         0.0991	         0		         0.0593	         0
d	         0.1261	         0		         0.0622	         0
g	         0.2034	         0		         0.0625	         0
f	         0.1788	         0		         0.0608	         0
d	         0.1745	         0		         0.0613	         0
v	         0.1142	         0		         0.0609	         0
g	         0.1608	         0		         0.0627	         0
f	         0.1191	         0		         0.0625	         0
d	         0.1023	         0		         0.0613	         0
d	         0.1310	         0		         0.0623	         0
k	         0.1660	         0		         0.0624	         0
l	         0.0907	         0		         0.0579	         0
e	         0.0963	         0		         0.0508	         0
d	         0.1055	         0		         0.0379	         0
i	         0.0954	         0		         0.0354	         0
p	         0.1361	         0		         0.0383	         0
p	         0.1421	         0		         0.0390	         0
s	         0.2116	         0		         0.0399	         0
q	         0.2292	         0		         0.0409	         0
n	         0.3456	         0		         0.0413	         0
Y	         0.5785	         1		         0.0408	         0
s	         0.3600	         0		         0.0398	         0
s	         0.4093	         0		         0.0422	         0
l	         0.1308	         0		         0.0364	         0
g	         0.2519	         0		         0.0423	         0
s	         0.2981	         0		         0.0416	         0
l	         0.1115	         0		         0.0362	         0
l	         0.1398	         0		         0.0373	         0
h	         0.3625	         0		         0.0463	         0
g	         0.3161	         0		         0.0469	         0
f	         0.2059	         0		         0.0509	         0
f	         0.1907	         0		         0.0479	         0
r	         0.3890	         0		         0.0477	         0
f	         0.2995	         0		         0.0486	         0
Y	         0.4895	         1		         0.0515	         0
a	         0.2230	         0		         0.0442	         0
y	         0.2402	         0		         0.0479	         0
k	         0.1857	         0		         0.0461	         0
f	         0.1376	         0		         0.0479	         0
e	         0.2023	         0		         0.0484	         0
p	         0.1741	         0		         0.0535	         0
r	         0.1916	         0		         0.0466	         0
e	         0.2102	         0		         0.0484	         0
k	         0.2575	         0		         0.0489	         0
v	         0.1318	         0		         0.0446	         0
v	         0.1195	         0		         0.0426	         0
t	         0.2220	         0		         0.0503	         0
f	         0.1269	         0		         0.0430	         0
r	         0.4382	         0		         0.0477	         0
r	         0.3665	         0		         0.0448	         0
p	         0.1741	         0		         0.0458	         0
d	         0.2140	         0		         0.0493	         0
g	         0.2320	         0		         0.0465	         0
y	         0.2220	         0		         0.0453	         0
l	         0.1141	         0		         0.0418	         0
t	         0.2054	         0		         0.0436	         0
k	         0.3959	         0		         0.0447	         0
q	         0.1564	         0		         0.0424	         0
e	         0.2152	         0		         0.0423	         0
k	         0.4500	         0		         0.0433	         0
g	         0.3069	         0		         0.0393	         0
w	         0.3731	         0		         0.0380	         0
t	         0.2824	         0		         0.0382	         0
s	         0.3180	         0		         0.0395	         0
a	         0.3105	         0		         0.0383	         0
t	         0.2988	         0		         0.0395	         0
e	         0.3207	         0		         0.0383	         0
H	         0.5247	         1		         0.0398	         0
t	         0.2530	         0		         0.0378	         0
g	         0.3884	         0		         0.0393	         0
s	         0.3150	         0		         0.0389	         0
a	         0.1894	         0		         0.0381	         0
d	         0.2225	         0		         0.0394	         0
q	         0.1914	         0		         0.0387	         0
i	         0.1334	         0		         0.0380	         0
i	         0.1292	         0		         0.0459	         0
k	         0.2453	         0		         0.0489	         0
d	         0.1345	         0		         0.0529	         0
r	         0.2055	         0		         0.0588	         0
y	         0.2077	         0		         0.0581	         0
i	         0.1126	         0		         0.0571	         0
l	         0.0862	         0		         0.0545	         0
a	         0.1090	         0		         0.0598	         0
i	         0.0910	         0		         0.0524	         0
e	         0.1021	         0		         0.0456	         0
d	         0.1164	         0		         0.0420	         0
p	         0.1165	         0		         0.0418	         0
f	         0.1135	         0		         0.0408	         0
e	         0.1271	         0		         0.0274	         0
i	         0.1234	         0		         0.0264	         0
s	         0.2925	         0		         0.0293	         0
h	         0.4246	         0		         0.0298	         0
N	         0.5276	         1		         0.0304	         0
v	         0.1884	         0		         0.0269	         0
G	         0.5217	         1		         0.0288	         0
R	         0.7953	         1		         0.0309	         0
T	         0.6787	         1		         0.0296	         0
v	         0.3327	         0		         0.0263	         0
S	         0.6625	         1		         0.0296	         0
S	         0.5174	         1		         0.0290	         0
S	         0.5481	         1		         0.0289	         0
G	         0.5349	         1		         0.0293	         0
l	         0.3046	         0		         0.0270	         0
Y	         0.7018	         1		         0.0350	         0
R	         0.5881	         1		         0.0344	         0
i	         0.1766	         0		         0.0309	         0
r	         0.4283	         0		         0.0351	         0
g	         0.3628	         0		         0.0347	         0
e	         0.2134	         0		         0.0323	         0
f	         0.2187	         0		         0.0339	         0
m	         0.4663	         0		         0.0347	         0
a	         0.3201	         0		         0.0386	         0
a	         0.1325	         0		         0.0414	         0
s	         0.1879	         0		         0.0437	         0
r	         0.4059	         0		         0.0474	         0
l	         0.1756	         0		         0.0432	         0
l	         0.1308	         0		         0.0419	         0
n	         0.2895	         0		         0.0464	         0
s	         0.2870	         0		         0.0524	         0
r	         0.2850	         0		         0.0480	         0
s	         0.2843	         0		         0.0497	         0
y	         0.4225	         0		         0.0501	         0
p	         0.1485	         0		         0.0465	         0
i	         0.1477	         0		         0.0454	         0
p	         0.1817	         0		         0.0482	         0
y	         0.1770	         0		         0.0471	         0
d	         0.1203	         0		         0.0465	         0
s	         0.1595	         0		         0.0461	         0
l	         0.0899	         0		         0.0423	         0
f	         0.1333	         0		         0.0704	         0
e	         0.0910	         0		         0.0620	         0
e	         0.0858	         0		         0.0610	         0
a	         0.0823	         0		         0.0609	         0
