g	         0.1277	         0		         0.0740	         0
s	         0.1200	         0		         0.0783	         0
h	         0.1595	         0		         0.0849	         0
m	         0.1524	         0		         0.1147	         0
s	         0.1526	         0		         0.0879	         0
e	         0.1283	         0		         0.0925	         0
e	         0.1010	         0		         0.0827	         0
n	         0.0822	         0		         0.0749	         0
v	         0.0852	         0		         0.0706	         0
q	         0.1030	         0		         0.0881	         0
e	         0.0915	         0		         0.0872	         0
f	         0.0818	         0		         0.0808	         0
v	         0.0853	         0		         0.0901	         0
l	         0.0681	         0		         0.0706	         0
k	         0.0820	         0		         0.0945	         0
e	         0.0751	         0		         0.1011	         0
d	         0.0747	         0		         0.0981	         0
c	         0.0820	         0		         0.1054	         0
e	         0.0696	         0		         0.0842	         0
l	         0.0704	         0		         0.0810	         0
r	         0.1243	         0		         0.1423	         0
f	         0.0742	         0		         0.0971	         0
a	         0.0705	         0		         0.0822	         0
a	         0.0714	         0		         0.0871	         0
g	         0.0803	         0		         0.0954	         0
d	         0.0762	         0		         0.1073	         0
d	         0.0876	         0		         0.1099	         0
s	         0.0849	         0		         0.1113	         0
d	         0.0800	         0		         0.1140	         0
v	         0.0666	         0		         0.0909	         0
c	         0.0873	         0		         0.1051	         0
l	         0.0666	         0		         0.0743	         0
e	         0.0859	         0		         0.1052	         0
l	         0.0642	         0		         0.0754	         0
v	         0.0706	         0		         0.0860	         0
k	         0.0978	         0		         0.1014	         0
g	         0.0931	         0		         0.1080	         0
y	         0.1232	         0		         0.1012	         0
a	         0.0786	         0		         0.0814	         0
e	         0.0925	         0		         0.0954	         0
i	         0.0815	         0		         0.0846	         0
f	         0.0851	         0		         0.1093	         0
g	         0.0937	         0		         0.1181	         0
t	         0.0788	         0		         0.1080	         0
e	         0.0681	         0		         0.0890	         0
l	         0.0613	         0		         0.0766	         0
l	         0.0770	         0		         0.0983	         0
l	         0.0751	         0		         0.1013	         0
n	         0.0886	         0		         0.1218	         0
k	         0.1183	         0		         0.1067	         0
k	         0.1249	         0		         0.1080	         0
y	         0.1279	         0		         0.1025	         0
t	         0.1282	         0		         0.1098	         0
f	         0.0791	         0		         0.0872	         0
p	         0.0951	         0		         0.1039	         0
a	         0.1364	         0		         0.1238	         0
k	         0.1721	         0		         0.1156	         0
s	         0.1153	         0		         0.1249	         0
r	         0.2061	         0		         0.1442	         0
v	         0.1048	         0		         0.0889	         0
a	         0.1085	         0		         0.0816	         0
a	         0.0848	         0		         0.0726	         0
f	         0.1400	         0		         0.1103	         0
t	         0.1545	         0		         0.0984	         0
w	         0.1424	         0		         0.0873	         0
k	         0.2344	         0		         0.1020	         0
g	         0.1257	         0		         0.0944	         0
a	         0.0796	         0		         0.0895	         0
t	         0.1004	         0		         0.0854	         0
i	         0.0686	         0		         0.0599	         0
e	         0.0944	         0		         0.0717	         0
l	         0.0772	         0		         0.0618	         0
v	         0.0842	         0		         0.0622	         0
g	         0.0966	         0		         0.0979	         0
t	         0.1087	         0		         0.0953	         0
t	         0.0976	         0		         0.0980	         0
e	         0.0932	         0		         0.0874	         0
s	         0.0971	         0		         0.0922	         0
a	         0.0788	         0		         0.0837	         0
y	         0.1125	         0		         0.1053	         0
v	         0.0727	         0		         0.0791	         0
a	         0.0884	         0		         0.1023	         0
e	         0.0883	         0		         0.1137	         0
s	         0.0752	         0		         0.1022	         0
t	         0.0905	         0		         0.1120	         0
p	         0.0761	         0		         0.1020	         0
m	         0.0741	         0		         0.0942	         0
v	         0.0890	         0		         0.0914	         0
i	         0.0735	         0		         0.0776	         0
y	         0.0929	         0		         0.0937	         0
l	         0.0689	         0		         0.0747	         0
n	         0.0985	         0		         0.1008	         0
i	         0.0764	         0		         0.0797	         0
h	         0.1420	         0		         0.1403	         0
a	         0.0894	         0		         0.0973	         0
a	         0.0730	         0		         0.0845	         0
m	         0.0618	         0		         0.0738	         0
e	         0.0743	         0		         0.0992	         0
e	         0.0810	         0		         0.0994	         0
v	         0.0731	         0		         0.0863	         0
r	         0.1087	         0		         0.1148	         0
k	         0.0830	         0		         0.1103	         0
k	         0.0820	         0		         0.1073	         0
r	         0.0766	         0		         0.0950	         0
e	         0.0805	         0		         0.1069	         0
e	         0.0927	         0		         0.1031	         0
q	         0.0971	         0		         0.0771	         0
a	         0.0743	         0		         0.0721	         0
a	         0.0937	         0		         0.0796	         0
g	         0.0881	         0		         0.0810	         0
n	         0.0997	         0		         0.0867	         0
s	         0.1053	         0		         0.1002	         0
n	         0.1187	         0		         0.0955	         0
k	         0.1949	         0		         0.1109	         0
a	         0.1159	         0		         0.1058	         0
k	         0.1224	         0		         0.1281	         0
g	         0.0940	         0		         0.1225	         0
p	         0.0766	         0		         0.1220	         0
r	         0.0992	         0		         0.1077	         0
l	         0.0634	         0		         0.0708	         0
l	         0.0602	         0		         0.0763	         0
l	         0.0588	         0		         0.0776	         0
v	         0.0594	         0		         0.0554	         0
g	         0.0786	         0		         0.0663	         0
p	         0.0825	         0		         0.0649	         0
t	         0.1306	         0		         0.0735	         0
d	         0.1761	         0		         0.0788	         0
v	         0.2038	         0		         0.0690	         0
g	         0.1769	         0		         0.0667	         0
k	         0.4481	         0		         0.0793	         0
t	         0.3930	         0		         0.0787	         0
t	         0.3409	         0		         0.0789	         0
v	         0.0813	         0		         0.0501	         0
s	         0.0883	         0		         0.0617	         0
r	         0.2676	         0		         0.0913	         0
i	         0.1016	         0		         0.0633	         0
l	         0.0638	         0		         0.0458	         0
c	         0.0754	         0		         0.0652	         0
n	         0.1693	         0		         0.1177	         0
y	         0.1669	         0		         0.1080	         0
s	         0.0864	         0		         0.0734	         0
v	         0.0888	         0		         0.0685	         0
r	         0.2831	         0		         0.0992	         0
q	         0.1427	         0		         0.0929	         0
g	         0.1673	         0		         0.0989	         0
r	         0.2016	         0		         0.0887	         0
t	         0.1464	         0		         0.0882	         0
p	         0.0820	         0		         0.0743	         0
i	         0.0729	         0		         0.0629	         0
f	         0.0697	         0		         0.0645	         0
v	         0.0650	         0		         0.0640	         0
e	         0.0798	         0		         0.0892	         0
l	         0.0663	         0		         0.0636	         0
d	         0.0887	         0		         0.0928	         0
v	         0.0807	         0		         0.0766	         0
g	         0.1193	         0		         0.0859	         0
q	         0.1607	         0		         0.0899	         0
n	         0.1831	         0		         0.0852	         0
s	         0.1460	         0		         0.0765	         0
v	         0.0995	         0		         0.0726	         0
s	         0.1836	         0		         0.0872	         0
v	         0.0900	         0		         0.0698	         0
p	         0.1120	         0		         0.0949	         0
g	         0.1354	         0		         0.0958	         0
t	         0.1254	         0		         0.1042	         0
v	         0.0759	         0		         0.0702	         0
a	         0.1223	         0		         0.0906	         0
a	         0.0732	         0		         0.0665	         0
v	         0.0861	         0		         0.0881	         0
l	         0.0749	         0		         0.0843	         0
v	         0.0689	         0		         0.0806	         0
q	         0.0818	         0		         0.0955	         0
k	         0.0994	         0		         0.1028	         0
t	         0.0776	         0		         0.0988	         0
a	         0.0691	         0		         0.0867	         0
d	         0.0775	         0		         0.1071	         0
v	         0.0677	         0		         0.0912	         0
i	         0.0647	         0		         0.0831	         0
d	         0.0671	         0		         0.1002	         0
g	         0.0726	         0		         0.1037	         0
f	         0.0702	         0		         0.1069	         0
e	         0.0800	         0		         0.1216	         0
r	         0.0839	         0		         0.1052	         0
n	         0.0843	         0		         0.1240	         0
q	         0.0736	         0		         0.0981	         0
p	         0.0749	         0		         0.0877	         0
i	         0.0694	         0		         0.0708	         0
v	         0.0834	         0		         0.0798	         0
f	         0.0768	         0		         0.0977	         0
n	         0.0834	         0		         0.1150	         0
f	         0.0843	         0		         0.0849	         0
g	         0.1357	         0		         0.1023	         0
h	         0.2406	         0		         0.1295	         0
t	         0.1379	         0		         0.0903	         0
s	         0.2204	         0		         0.1130	         0
p	         0.1028	         0		         0.0922	         0
s	         0.1333	         0		         0.0959	         0
a	         0.1269	         0		         0.0921	         0
n	         0.1438	         0		         0.1018	         0
l	         0.0916	         0		         0.0751	         0
s	         0.1014	         0		         0.0834	         0
l	         0.0770	         0		         0.0645	         0
y	         0.1026	         0		         0.0990	         0
e	         0.0765	         0		         0.0859	         0
a	         0.0798	         0		         0.0926	         0
l	         0.0698	         0		         0.0740	         0
f	         0.0725	         0		         0.0893	         0
k	         0.1032	         0		         0.1014	         0
e	         0.0918	         0		         0.1000	         0
m	         0.0698	         0		         0.0755	         0
a	         0.0822	         0		         0.0844	         0
t	         0.0908	         0		         0.0957	         0
t	         0.0836	         0		         0.0870	         0
l	         0.0774	         0		         0.0785	         0
n	         0.1034	         0		         0.0950	         0
a	         0.0977	         0		         0.0882	         0
q	         0.1055	         0		         0.0953	         0
i	         0.0786	         0		         0.0740	         0
q	         0.0831	         0		         0.0760	         0
e	         0.0841	         0		         0.0767	         0
n	         0.0804	         0		         0.0813	         0
d	         0.0740	         0		         0.0816	         0
e	         0.0819	         0		         0.0807	         0
a	         0.0825	         0		         0.0813	         0
k	         0.1319	         0		         0.1014	         0
i	         0.0795	         0		         0.0814	         0
g	         0.0809	         0		         0.0939	         0
g	         0.0796	         0		         0.1019	         0
m	         0.0669	         0		         0.0762	         0
i	         0.0649	         0		         0.0742	         0
i	         0.0733	         0		         0.0771	         0
n	         0.1213	         0		         0.1254	         0
t	         0.1444	         0		         0.1162	         0
c	         0.0960	         0		         0.1200	         0
g	         0.1438	         0		         0.1285	         0
w	         0.1226	         0		         0.1014	         0
v	         0.0947	         0		         0.0893	         0
d	         0.1331	         0		         0.1283	         0
g	         0.1181	         0		         0.1198	         0
e	         0.0978	         0		         0.1270	         0
g	         0.0936	         0		         0.1246	         0
y	         0.0952	         0		         0.0971	         0
k	         0.0993	         0		         0.1073	         0
c	         0.0646	         0		         0.0859	         0
i	         0.0621	         0		         0.0811	         0
v	         0.0799	         0		         0.1117	         0
k	         0.1172	         0		         0.1355	         0
a	         0.0697	         0		         0.0907	         0
a	         0.0665	         0		         0.0825	         0
s	         0.0831	         0		         0.1127	         0
a	         0.0750	         0		         0.0979	         0
f	         0.0661	         0		         0.0970	         0
e	         0.0800	         0		         0.1120	         0
v	         0.0663	         0		         0.0899	         0
d	         0.0738	         0		         0.1308	         0
v	         0.0640	         0		         0.1048	         0
v	         0.0595	         0		         0.0881	         0
i	         0.0590	         0		         0.0864	         0
v	         0.0609	         0		         0.0996	         0
l	         0.0591	         0		         0.0884	         0
d	         0.0675	         0		         0.1396	         0
h	         0.0755	         0		         0.1288	         0
e	         0.0671	         0		         0.1147	         0
r	         0.0864	         0		         0.1447	         0
l	         0.0618	         0		         0.0904	         0
y	         0.0848	         0		         0.1341	         0
s	         0.0744	         0		         0.1285	         0
d	         0.0701	         0		         0.1345	         0
l	         0.0584	         0		         0.0891	         0
s	         0.0690	         0		         0.1315	         0
k	         0.0817	         0		         0.1351	         0
e	         0.0671	         0		         0.1074	         0
l	         0.0595	         0		         0.0880	         0
p	         0.0720	         0		         0.1171	         0
e	         0.0691	         0		         0.1109	         0
f	         0.0693	         0		         0.0891	         0
v	         0.0650	         0		         0.0696	         0
r	         0.0954	         0		         0.0829	         0
l	         0.0658	         0		         0.0639	         0
t	         0.0678	         0		         0.0704	         0
h	         0.1209	         0		         0.0884	         0
v	         0.0700	         0		         0.0625	         0
p	         0.1177	         0		         0.1010	         0
k	         0.2369	         0		         0.1129	         0
s	         0.1311	         0		         0.1071	         0
g	         0.1336	         0		         0.1035	         0
g	         0.1270	         0		         0.0994	         0
v	         0.1016	         0		         0.0737	         0
e	         0.1568	         0		         0.0751	         0
q	         0.1533	         0		         0.0708	         0
r	         0.2542	         0		         0.0770	         0
t	         0.1595	         0		         0.0764	         0
g	         0.1396	         0		         0.0727	         0
q	         0.1375	         0		         0.0730	         0
i	         0.1243	         0		         0.0717	         0
r	         0.2312	         0		         0.0828	         0
s	         0.2080	         0		         0.1016	         0
k	         0.1585	         0		         0.0966	         0
m	         0.0766	         0		         0.0743	         0
r	         0.2675	         0		         0.1433	         0
g	         0.1384	         0		         0.1009	         0
e	         0.0939	         0		         0.0947	         0
n	         0.1176	         0		         0.0986	         0
v	         0.0699	         0		         0.0683	         0
h	         0.1019	         0		         0.0792	         0
r	         0.1570	         0		         0.0839	         0
y	         0.2945	         0		         0.1127	         0
f	         0.1023	         0		         0.1089	         0
y	         0.2074	         0		         0.1193	         0
g	         0.1246	         0		         0.0976	         0
t	         0.1094	         0		         0.0838	         0
r	         0.1194	         0		         0.0829	         0
a	         0.0920	         0		         0.0727	         0
n	         0.1045	         0		         0.0974	         0
n	         0.0872	         0		         0.1123	         0
l	         0.0600	         0		         0.0699	         0
y	         0.1117	         0		         0.1309	         0
p	         0.0705	         0		         0.1232	         0
f	         0.0710	         0		         0.1138	         0
t	         0.0764	         0		         0.1247	         0
f	         0.0732	         0		         0.0980	         0
d	         0.0911	         0		         0.1291	         0
v	         0.0697	         0		         0.0840	         0
s	         0.1063	         0		         0.1177	         0
f	         0.0805	         0		         0.1002	         0
d	         0.0947	         0		         0.1133	         0
d	         0.0818	         0		         0.1151	         0
v	         0.0641	         0		         0.0828	         0
t	         0.0742	         0		         0.1112	         0
l	         0.0648	         0		         0.0838	         0
c	         0.0710	         0		         0.1033	         0
k	         0.0988	         0		         0.1149	         0
i	         0.0673	         0		         0.0843	         0
g	         0.0732	         0		         0.1082	         0
a	         0.0678	         0		         0.0902	         0
e	         0.0663	         0		         0.0963	         0
q	         0.0762	         0		         0.1039	         0
l	         0.0697	         0		         0.0864	         0
p	         0.0713	         0		         0.1078	         0
d	         0.0761	         0		         0.1062	         0
s	         0.0954	         0		         0.1263	         0
c	         0.0694	         0		         0.0975	         0
l	         0.0639	         0		         0.0834	         0
p	         0.0683	         0		         0.1056	         0
f	         0.0691	         0		         0.0930	         0
g	         0.0719	         0		         0.1016	         0
m	         0.0727	         0		         0.0889	         0
e	         0.0812	         0		         0.1010	         0
v	         0.0794	         0		         0.0953	         0
e	         0.0791	         0		         0.0869	         0
n	         0.0755	         0		         0.0938	         0
h	         0.0833	         0		         0.0966	         0
e	         0.0717	         0		         0.0939	         0
t	         0.0663	         0		         0.0846	         0
k	         0.0945	         0		         0.1023	         0
l	         0.0631	         0		         0.0830	         0
v	         0.0673	         0		         0.0920	         0
i	         0.0744	         0		         0.1028	         0
m	         0.0663	         0		         0.0930	         0
e	         0.0690	         0		         0.0989	         0
p	         0.0665	         0		         0.0979	         0
s	         0.0750	         0		         0.1105	         0
a	         0.0785	         0		         0.1090	         0
d	         0.0747	         0		         0.1217	         0
i	         0.0644	         0		         0.0891	         0
k	         0.0833	         0		         0.1207	         0
H	         0.0994	         0		         0.1528	         1
h	         0.0877	         0		         0.1484	         0
l	         0.0598	         0		         0.0872	         0
f	         0.0615	         0		         0.0938	         0
a	         0.0805	         0		         0.1195	         0
f	         0.0650	         0		         0.0790	         0
s	         0.1023	         0		         0.1179	         0
r	         0.1441	         0		         0.1191	         0
s	         0.0831	         0		         0.0932	         0
t	         0.0976	         0		         0.1038	         0
k	         0.1342	         0		         0.1056	         0
a	         0.0829	         0		         0.0797	         0
d	         0.0680	         0		         0.0857	         0
e	         0.0748	         0		         0.0960	         0
n	         0.0677	         0		         0.0963	         0
v	         0.0571	         0		         0.0799	         0
l	         0.0627	         0		         0.0874	         0
k	         0.0960	         0		         0.1137	         0
s	         0.0762	         0		         0.1160	         0
p	         0.0925	         0		         0.1247	         0
v	         0.0680	         0		         0.1056	         0
f	         0.0693	         0		         0.0983	         0
g	         0.0944	         0		         0.1268	         0
f	         0.0740	         0		         0.1122	         0
c	         0.0705	         0		         0.0963	         0
l	         0.0730	         0		         0.1055	         0
v	         0.0675	         0		         0.0872	         0
t	         0.0811	         0		         0.1181	         0
e	         0.0712	         0		         0.0984	         0
v	         0.0614	         0		         0.0803	         0
d	         0.0753	         0		         0.1068	         0
l	         0.0687	         0		         0.0887	         0
e	         0.0714	         0		         0.0923	         0
k	         0.1108	         0		         0.1234	         0
r	         0.1023	         0		         0.1245	         0
t	         0.0735	         0		         0.1122	         0
m	         0.0684	         0		         0.0959	         0
S	         0.1171	         0		         0.1872	         1
i	         0.0692	         0		         0.0939	         0
l	         0.0668	         0		         0.0936	         0
c	         0.0813	         0		         0.1332	         0
P	         0.0735	         0		         0.1782	         1
Q	         0.0711	         0		         0.1757	         1
r	         0.1103	         0		         0.1459	         0
T	         0.1017	         0		         0.1871	         1
i	         0.0636	         0		         0.0921	         0
p	         0.0700	         0		         0.1253	         0
s	         0.0863	         0		         0.1437	         0
K	         0.1058	         0		         0.1580	         1
v	         0.0721	         0		         0.1151	         0
l	         0.0574	         0		         0.0903	         0
v	         0.0568	         0		         0.0820	         0
f	         0.0648	         0		         0.0848	         0
s	         0.0926	         0		         0.1318	         0
d	         0.0880	         0		         0.1319	         0
i	         0.0670	         0		         0.0802	         0
t	         0.0883	         0		         0.1107	         0
h	         0.1276	         0		         0.1191	         0
l	         0.0729	         0		         0.0967	         0
d	         0.0660	         0		         0.0878	         0
d	         0.0819	         0		         0.1200	         0
q	         0.0827	         0		         0.1139	         0
i	         0.0668	         0		         0.0776	         0
k	         0.0935	         0		         0.0963	         0
r	         0.0741	         0		         0.0826	         0
