k	         0.2198	         0		         0.1039	         0
w	         0.1391	         0		         0.1125	         0
p	         0.0915	         0		         0.0931	         0
p	         0.0901	         0		         0.1000	         0
k	         0.1141	         0		         0.0921	         0
l	         0.0721	         0		         0.0593	         0
p	         0.0852	         0		         0.0864	         0
e	         0.0881	         0		         0.0776	         0
i	         0.0798	         0		         0.0806	         0
q	         0.0994	         0		         0.0835	         0
d	         0.1072	         0		         0.0846	         0
l	         0.1090	         0		         0.0748	         0
a	         0.1315	         0		         0.0570	         0
i	         0.0814	         0		         0.0455	         0
r	         0.0977	         0		         0.0501	         0
a	         0.1163	         0		         0.0530	         0
r	         0.1953	         0		         0.0625	         0
v	         0.1100	         0		         0.0522	         0
f	         0.1180	         0		         0.0592	         0
i	         0.4028	         0		         0.0716	         0
h	         0.4167	         0		         0.0838	         0
k	         0.3905	         0		         0.0687	         0
s	         0.4159	         0		         0.0774	         0
t	         0.2260	         0		         0.0685	         0
i	         0.2250	         0		         0.0571	         0
k	         0.3809	         0		         0.0622	         0
d	         0.1610	         0		         0.0536	         0
k	         0.2652	         0		         0.0574	         0
v	         0.1322	         0		         0.0479	         0
y	         0.2504	         0		         0.0541	         0
l	         0.1193	         0		         0.0468	         0
s	         0.1742	         0		         0.0520	         0
g	         0.1468	         0		         0.0499	         0
s	         0.2300	         0		         0.0598	         0
e	         0.1888	         0		         0.0559	         0
m	         0.2425	         0		         0.0554	         0
i	         0.2425	         0		         0.0557	         0
n	         0.1886	         0		         0.0566	         0
a	         0.1694	         0		         0.0572	         0
h	         0.3283	         0		         0.0664	         0
n	         0.2328	         0		         0.0654	         0
e	         0.1468	         0		         0.0578	         0
r	         0.2812	         0		         0.0693	         0
l	         0.0839	         0		         0.0491	         0
e	         0.0925	         0		         0.0519	         0
f	         0.1165	         0		         0.0661	         0
l	         0.0838	         0		         0.0505	         0
g	         0.1308	         0		         0.0667	         0
d	         0.1524	         0		         0.0724	         0
s	         0.1965	         0		         0.0632	         0
i	         0.1226	         0		         0.0580	         0
l	         0.0987	         0		         0.0526	         0
n	         0.2829	         0		         0.0740	         0
s	         0.1475	         0		         0.0644	         0
v	         0.1016	         0		         0.0569	         0
m	         0.1045	         0		         0.0574	         0
t	         0.1869	         0		         0.0636	         0
l	         0.1372	         0		         0.0623	         0
i	         0.1247	         0		         0.0670	         0
i	         0.0838	         0		         0.0541	         0
y	         0.1974	         0		         0.0890	         0
n	         0.1469	         0		         0.0764	         0
k	         0.2149	         0		         0.0777	         0
f	         0.1581	         0		         0.0778	         0
p	         0.1404	         0		         0.0754	         0
d	         0.2105	         0		         0.0672	         0
y	         0.2173	         0		         0.0574	         0
s	         0.2536	         0		         0.0658	         0
e	         0.1461	         0		         0.0527	         0
g	         0.2838	         0		         0.0581	         0
q	         0.2018	         0		         0.0550	         0
l	         0.1234	         0		         0.0480	         0
s	         0.3718	         0		         0.0619	         0
t	         0.2848	         0		         0.0588	         0
l	         0.1164	         0		         0.0477	         0
r	         0.3701	         0		         0.0585	         0
m	         0.3062	         0		         0.0529	         0
n	         0.2513	         0		         0.0544	         0
l	         0.1038	         0		         0.0465	         0
v	         0.1333	         0		         0.0500	         0
s	         0.2055	         0		         0.0574	         0
n	         0.2481	         0		         0.0562	         0
e	         0.1785	         0		         0.0546	         0
q	         0.2111	         0		         0.0642	         0
i	         0.0955	         0		         0.0555	         0
k	         0.1801	         0		         0.0634	         0
q	         0.1575	         0		         0.0654	         0
w	         0.1152	         0		         0.0589	         0
s	         0.1459	         0		         0.0643	         0
i	         0.1765	         0		         0.0582	         0
m	         0.1971	         0		         0.0620	         0
y	         0.1647	         0		         0.0582	         0
n	         0.1733	         0		         0.0681	         0
f	         0.0913	         0		         0.0506	         0
h	         0.1951	         0		         0.0670	         0
e	         0.1891	         0		         0.0630	         0
k	         0.3352	         0		         0.0625	         0
l	         0.1036	         0		         0.0483	         0
k	         0.2522	         0		         0.0582	         0
t	         0.1155	         0		         0.0533	         0
n	         0.1525	         0		         0.0566	         0
f	         0.1116	         0		         0.0517	         0
d	         0.1324	         0		         0.0538	         0
l	         0.1251	         0		         0.0501	         0
k	         0.2169	         0		         0.0598	         0
d	         0.1593	         0		         0.0606	         0
e	         0.1604	         0		         0.0564	         0
n	         0.1792	         0		         0.0554	         0
s	         0.2728	         0		         0.0575	         0
n	         0.2880	         0		         0.0479	         0
f	         0.2645	         0		         0.0466	         0
q	         0.2938	         0		         0.0494	         0
n	         0.2792	         0		         0.0520	         0
g	         0.2214	         0		         0.0487	         0
k	         0.3176	         0		         0.0520	         0
l	         0.1664	         0		         0.0479	         0
k	         0.4345	         0		         0.0596	         0
l	         0.1400	         0		         0.0458	         0
y	         0.1122	         0		         0.0447	         0
a	         0.1080	         0		         0.0444	         0
d	         0.1563	         0		         0.0578	         0
v	         0.0960	         0		         0.0445	         0
f	         0.1057	         0		         0.0485	         0
e	         0.0969	         0		         0.0417	         0
a	         0.1228	         0		         0.0674	         0
y	         0.1110	         0		         0.0694	         0
i	         0.0896	         0		         0.0640	         0
g	         0.1203	         0		         0.0711	         0
g	         0.0941	         0		         0.0654	         0
l	         0.0818	         0		         0.0630	         0
m	         0.1189	         0		         0.0738	         0
e	         0.0995	         0		         0.0675	         0
d	         0.1278	         0		         0.0800	         0
d	         0.1826	         0		         0.0660	         0
p	         0.1793	         0		         0.0637	         0
r	         0.1815	         0		         0.0625	         0
n	         0.1713	         0		         0.0706	         0
n	         0.1851	         0		         0.0716	         0
l	         0.1258	         0		         0.0622	         0
p	         0.1684	         0		         0.0705	         0
k	         0.2559	         0		         0.0767	         0
i	         0.0973	         0		         0.0624	         0
r	         0.2275	         0		         0.0877	         0
k	         0.2946	         0		         0.0945	         0
w	         0.1511	         0		         0.0791	         0
l	         0.1010	         0		         0.0601	         0
r	         0.2382	         0		         0.0743	         0
k	         0.2756	         0		         0.0837	         0
l	         0.0998	         0		         0.0587	         0
a	         0.0997	         0		         0.0614	         0
k	         0.1392	         0		         0.0668	         0
p	         0.1041	         0		         0.0644	         0
v	         0.0964	         0		         0.0560	         0
i	         0.0964	         0		         0.0530	         0
e	         0.1243	         0		         0.0568	         0
e	         0.1399	         0		         0.0667	         0
a	         0.1147	         0		         0.0614	         0
t	         0.1328	         0		         0.0640	         0
r	         0.2069	         0		         0.0650	         0
n	         0.1837	         0		         0.0675	         0
q	         0.1683	         0		         0.0658	         0
v	         0.1401	         0		         0.0617	         0
a	         0.1699	         0		         0.0636	         0
l	         0.1133	         0		         0.0584	         0
e	         0.1360	         0		         0.0635	         0
k	         0.1794	         0		         0.0653	         0
t	         0.1213	         0		         0.0634	         0
d	         0.1325	         0		         0.0553	         0
k	         0.1904	         0		         0.0469	         0
l	         0.1184	         0		         0.0441	         0
d	         0.1438	         0		         0.0500	         0
m	         0.1475	         0		         0.0522	         0
n	         0.2020	         0		         0.0586	         0
a	         0.1569	         0		         0.0513	         0
k	         0.2981	         0		         0.0570	         0
r	         0.4264	         0		         0.0598	         0
q	         0.2089	         0		         0.0553	         0
l	         0.0942	         0		         0.0435	         0
y	         0.3894	         0		         0.0572	         0
s	         0.1477	         0		         0.0502	         0
l	         0.1354	         0		         0.0488	         0
i	         0.1259	         0		         0.0484	         0
g	         0.2182	         0		         0.0565	         0
y	         0.3033	         0		         0.0595	         0
a	         0.1986	         0		         0.0581	         0
s	         0.2123	         0		         0.0622	         0
l	         0.1713	         0		         0.0642	         0
r	         0.2928	         0		         0.0721	         0
l	         0.1230	         0		         0.0576	         0
h	         0.2300	         0		         0.0645	         0
y	         0.2858	         0		         0.0701	         0
v	         0.1545	         0		         0.0626	         0
t	         0.1069	         0		         0.0596	         0
v	         0.1226	         0		         0.0568	         0
k	         0.2235	         0		         0.0650	         0
k	         0.1947	         0		         0.0590	         0
p	         0.1402	         0		         0.0603	         0
t	         0.1402	         0		         0.0611	         0
a	         0.1646	         0		         0.0646	         0
v	         0.2898	         0		         0.0672	         0
d	         0.2038	         0		         0.0623	         0
p	         0.1857	         0		         0.0602	         0
n	         0.1359	         0		         0.0595	         0
s	         0.1342	         0		         0.0624	         0
i	         0.1592	         0		         0.0597	         0
v	         0.1247	         0		         0.0505	         0
e	         0.1947	         0		         0.0530	         0
c	         0.1099	         0		         0.0492	         0
r	         0.2403	         0		         0.0527	         0
v	         0.1338	         0		         0.0432	         0
g	         0.2051	         0		         0.0434	         0
d	         0.2534	         0		         0.0473	         0
g	         0.3862	         0		         0.0414	         0
t	         0.3453	         0		         0.0403	         0
v	         0.3480	         0		         0.0368	         0
l	         0.2236	         0		         0.0290	         0
g	         0.4561	         0		         0.0320	         0
T	         0.5362	         1		         0.0352	         0
G	         0.5368	         1		         0.0351	         0
V	         0.5972	         1		         0.0355	         0
G	         0.5424	         1		         0.0364	         0
R	         0.6278	         1		         0.0376	         0
N	         0.7479	         1		         0.0460	         0
I	         0.5751	         1		         0.0396	         0
K	         0.6618	         1		         0.0435	         0
i	         0.2504	         0		         0.0338	         0
a	         0.1811	         0		         0.0305	         0
g	         0.2256	         0		         0.0341	         0
i	         0.3690	         0		         0.0354	         0
r	         0.4311	         0		         0.0351	         0
a	         0.1729	         0		         0.0335	         0
a	         0.1410	         0		         0.0328	         0
e	         0.2013	         0		         0.0532	         0
n	         0.1717	         0		         0.0514	         0
a	         0.1063	         0		         0.0446	         0
l	         0.0858	         0		         0.0437	         0
r	         0.2016	         0		         0.0517	         0
d	         0.1666	         0		         0.0807	         0
k	         0.1100	         0		         0.0694	         0
k	         0.1663	         0		         0.0644	         0
m	         0.1017	         0		         0.0535	         0
l	         0.0996	         0		         0.0525	         0
d	         0.1483	         0		         0.0643	         0
f	         0.1637	         0		         0.0601	         0
y	         0.1961	         0		         0.0582	         0
a	         0.1874	         0		         0.0572	         0
k	         0.3224	         0		         0.0557	         0
q	         0.1893	         0		         0.0534	         0
r	         0.3058	         0		         0.0566	         0
a	         0.2524	         0		         0.0535	         0
a	         0.1760	         0		         0.0483	         0
i	         0.1332	         0		         0.0455	         0
p	         0.1349	         0		         0.0488	         0
r	         0.4430	         0		         0.0551	         0
s	         0.2201	         0		         0.0496	         0
e	         0.1042	         0		         0.0415	         0
s	         0.3527	         0		         0.0502	         0
v	         0.1132	         0		         0.0421	         0
l	         0.0958	         0		         0.0404	         0
k	         0.2492	         0		         0.0490	         0
d	         0.1009	         0		         0.0412	         0
