s	         0.3891	         0		         0.0411	         0
n	         0.2063	         0		         0.0384	         0
y	         0.4714	         0		         0.0404	         0
K	         0.5734	         1		         0.0391	         0
y	         0.4212	         0		         0.0390	         0
l	         0.2742	         0		         0.0373	         0
e	         0.2073	         0		         0.0377	         0
v	         0.1156	         0		         0.0364	         0
i	         0.0993	         0		         0.0357	         0
q	         0.2214	         0		         0.0379	         0
l	         0.0940	         0		         0.0355	         0
e	         0.1215	         0		         0.0385	         0
H	         0.4817	         1		         0.0430	         0
a	         0.1626	         0		         0.0389	         0
v	         0.1344	         0		         0.0391	         0
t	         0.4170	         0		         0.0414	         0
k	         0.3892	         0		         0.0383	         0
l	         0.1352	         0		         0.0368	         0
v	         0.1777	         0		         0.0371	         0
e	         0.2049	         0		         0.0371	         0
s	         0.3499	         0		         0.0384	         0
y	         0.3082	         0		         0.0378	         0
n	         0.3772	         0		         0.0380	         0
K	         0.5453	         1		         0.0386	         0
i	         0.1566	         0		         0.0361	         0
i	         0.1258	         0		         0.0359	         0
e	         0.3154	         0		         0.0377	         0
l	         0.1164	         0		         0.0335	         0
s	         0.4489	         0		         0.0350	         0
p	         0.2189	         0		         0.0352	         0
N	         0.4786	         1		         0.0356	         0
l	         0.1555	         0		         0.0336	         0
v	         0.2601	         0		         0.0346	         0
a	         0.2673	         0		         0.0344	         0
Y	         0.6018	         1		         0.0349	         0
n	         0.3594	         0		         0.0345	         0
e	         0.3984	         0		         0.0344	         0
a	         0.2249	         0		         0.0338	         0
v	         0.1322	         0		         0.0334	         0
n	         0.3652	         0		         0.0343	         0
N	         0.4910	         1		         0.0347	         0
q	         0.4044	         0		         0.0355	         0
d	         0.3706	         0		         0.0367	         0
R	         0.5643	         1		         0.0363	         0
v	         0.1728	         0		         0.0352	         0
p	         0.2442	         0		         0.0369	         0
v	         0.1405	         0		         0.0355	         0
q	         0.2757	         0		         0.0264	         0
i	         0.1189	         0		         0.0249	         0
l	         0.1434	         0		         0.0253	         0
p	         0.2639	         0		         0.0270	         0
s	         0.2101	         0		         0.0257	         0
l	         0.2096	         0		         0.0266	         0
s	         0.4325	         0		         0.0266	         0
R	         0.8028	         1		         0.0279	         0
Y	         0.6730	         1		         0.0274	         0
Q	         0.4771	         1		         0.0273	         0
l	         0.1231	         0		         0.0248	         0
K	         0.5514	         1		         0.0274	         0
l	         0.1104	         0		         0.0251	         0
a	         0.1379	         0		         0.0251	         0
a	         0.1803	         0		         0.0253	         0
e	         0.1189	         0		         0.0321	         0
l	         0.1065	         0		         0.0343	         0
K	         0.5146	         1		         0.0370	         0
t	         0.4160	         0		         0.0369	         0
l	         0.1056	         0		         0.0371	         0
h	         0.3418	         0		         0.0402	         0
d	         0.1647	         0		         0.0386	         0
l	         0.1063	         0		         0.0373	         0
k	         0.3334	         0		         0.0397	         0
k	         0.3507	         0		         0.0402	         0
d	         0.1184	         0		         0.0434	         0
a	         0.1395	         0		         0.0476	         0
i	         0.0983	         0		         0.0457	         0
l	         0.0946	         0		         0.0455	         0
t	         0.1961	         0		         0.0467	         0
e	         0.1463	         0		         0.0464	         0
i	         0.0960	         0		         0.0453	         0
t	         0.1688	         0		         0.0461	         0
d	         0.3537	         0		         0.0474	         0
y	         0.3662	         0		         0.0470	         0
e	         0.1584	         0		         0.0454	         0
n	         0.3434	         0		         0.0462	         0
e	         0.2025	         0		         0.0459	         0
f	         0.2002	         0		         0.0463	         0
d	         0.3226	         0		         0.0463	         0
t	         0.2163	         0		         0.0455	         0
e	         0.2763	         0		         0.0461	         0
q	         0.3874	         0		         0.0472	         0
k	         0.3856	         0		         0.0462	         0
q	         0.3077	         0		         0.0461	         0
p	         0.1591	         0		         0.0460	         0
i	         0.1197	         0		         0.0448	         0
l	         0.1106	         0		         0.0448	         0
q	         0.3176	         0		         0.0461	         0
e	         0.1482	         0		         0.0454	         0
i	         0.0994	         0		         0.0449	         0
s	         0.2067	         0		         0.0487	         0
k	         0.2565	         0		         0.0487	         0
a	         0.1871	         0		         0.0487	         0
d	         0.1781	         0		         0.0489	         0
m	         0.0996	         0		         0.0477	         0
e	         0.1447	         0		         0.0547	         0
k	         0.1944	         0		         0.0553	         0
l	         0.0890	         0		         0.0537	         0
e	         0.1346	         0		         0.0546	         0
k	         0.1676	         0		         0.0607	         0
l	         0.0837	         0		         0.0586	         0
e	         0.0814	         0		         0.0586	         0
