m	         0.2121	         0		         0.0576	         0
t	         0.1509	         0		         0.0573	         0
t	         0.1453	         0		         0.0579	         0
e	         0.1383	         0		         0.0540	         0
t	         0.1414	         0		         0.0541	         0
f	         0.1855	         0		         0.0547	         0
v	         0.1034	         0		         0.0529	         0
k	         0.2245	         0		         0.0540	         0
d	         0.1698	         0		         0.0541	         0
i	         0.0940	         0		         0.0511	         0
k	         0.2529	         0		         0.0541	         0
p	         0.1244	         0		         0.0536	         0
g	         0.1478	         0		         0.0536	         0
l	         0.1486	         0		         0.0530	         0
k	         0.2853	         0		         0.0548	         0
n	         0.1858	         0		         0.0539	         0
l	         0.1047	         0		         0.0515	         0
n	         0.1496	         0		         0.0536	         0
l	         0.1023	         0		         0.0516	         0
i	         0.1163	         0		         0.0519	         0
f	         0.0983	         0		         0.0521	         0
i	         0.0974	         0		         0.0511	         0
v	         0.0978	         0		         0.0516	         0
l	         0.1119	         0		         0.0376	         0
e	         0.1726	         0		         0.0384	         0
t	         0.1752	         0		         0.0383	         0
g	         0.2535	         0		         0.0382	         0
r	         0.2584	         0		         0.0379	         0
v	         0.2019	         0		         0.0382	         0
t	         0.3019	         0		         0.0385	         0
K	         0.5296	         1		         0.0388	         0
T	         0.4931	         1		         0.0396	         0
K	         0.5180	         1		         0.0389	         0
d	         0.2673	         0		         0.0386	         0
g	         0.2395	         0		         0.0383	         0
h	         0.4073	         0		         0.0384	         0
e	         0.1815	         0		         0.0382	         0
v	         0.1596	         0		         0.0380	         0
r	         0.2665	         0		         0.0386	         0
t	         0.2104	         0		         0.0393	         0
c	         0.1012	         0		         0.0430	         0
k	         0.2038	         0		         0.0445	         0
v	         0.1096	         0		         0.0433	         0
a	         0.1698	         0		         0.0476	         0
d	         0.1695	         0		         0.0492	         0
k	         0.2044	         0		         0.0476	         0
t	         0.3485	         0		         0.0483	         0
g	         0.1719	         0		         0.0475	         0
s	         0.2023	         0		         0.0475	         0
i	         0.1164	         0		         0.0462	         0
n	         0.1589	         0		         0.0472	         0
i	         0.1181	         0		         0.0465	         0
s	         0.1904	         0		         0.0477	         0
v	         0.0966	         0		         0.0462	         0
w	         0.2390	         0		         0.0558	         0
d	         0.1731	         0		         0.0566	         0
d	         0.1264	         0		         0.0562	         0
v	         0.1015	         0		         0.0549	         0
g	         0.1039	         0		         0.0550	         0
n	         0.1058	         0		         0.0550	         0
l	         0.1188	         0		         0.0550	         0
i	         0.1058	         0		         0.0550	         0
q	         0.1755	         0		         0.0581	         0
p	         0.1139	         0		         0.0571	         0
g	         0.1354	         0		         0.0484	         0
d	         0.1242	         0		         0.0488	         0
i	         0.1165	         0		         0.0457	         0
i	         0.0992	         0		         0.0452	         0
r	         0.2210	         0		         0.0469	         0
l	         0.1031	         0		         0.0451	         0
t	         0.1485	         0		         0.0465	         0
k	         0.3439	         0		         0.0384	         0
g	         0.2064	         0		         0.0375	         0
y	         0.3728	         0		         0.0381	         0
a	         0.2061	         0		         0.0371	         0
s	         0.2893	         0		         0.0377	         0
v	         0.1903	         0		         0.0370	         0
f	         0.2068	         0		         0.0341	         0
K	         0.5457	         1		         0.0343	         0
g	         0.2997	         0		         0.0338	         0
c	         0.1988	         0		         0.0332	         0
l	         0.1302	         0		         0.0323	         0
t	         0.3472	         0		         0.0333	         0
l	         0.1263	         0		         0.0318	         0
Y	         0.6125	         1		         0.0334	         0
t	         0.2047	         0		         0.0322	         0
g	         0.3902	         0		         0.0329	         0
R	         0.5357	         1		         0.0333	         0
g	         0.3693	         0		         0.0328	         0
g	         0.4369	         0		         0.0329	         0
d	         0.3578	         0		         0.0329	         0
l	         0.1337	         0		         0.0319	         0
q	         0.2281	         0		         0.0378	         0
k	         0.2658	         0		         0.0379	         0
i	         0.1213	         0		         0.0372	         0
g	         0.1268	         0		         0.0432	         0
e	         0.1175	         0		         0.0430	         0
f	         0.1208	         0		         0.0478	         0
c	         0.1097	         0		         0.0538	         0
m	         0.1106	         0		         0.0534	         0
v	         0.0949	         0		         0.0527	         0
y	         0.1366	         0		         0.0492	         0
s	         0.1889	         0		         0.0499	         0
e	         0.1073	         0		         0.0480	         0
v	         0.1703	         0		         0.0489	         0
p	         0.1631	         0		         0.0498	         0
n	         0.2580	         0		         0.0506	         0
f	         0.1276	         0		         0.0491	         0
s	         0.3170	         0		         0.0527	         0
e	         0.1150	         0		         0.0487	         0
p	         0.1082	         0		         0.0493	         0
n	         0.1768	         0		         0.0497	         0
p	         0.1159	         0		         0.0495	         0
e	         0.1197	         0		         0.0491	         0
y	         0.2079	         0		         0.0497	         0
s	         0.1129	         0		         0.0483	         0
t	         0.1312	         0		         0.0568	         0
q	         0.2326	         0		         0.0583	         0
q	         0.2192	         0		         0.0584	         0
a	         0.1866	         0		         0.0561	         0
p	         0.2122	         0		         0.0570	         0
n	         0.1466	         0		         0.0505	         0
k	         0.2163	         0		         0.0508	         0
a	         0.1828	         0		         0.0507	         0
v	         0.1455	         0		         0.0501	         0
q	         0.1539	         0		         0.0476	         0
n	         0.2475	         0		         0.0466	         0
d	         0.2331	         0		         0.0468	         0
s	         0.3090	         0		         0.0470	         0
n	         0.2471	         0		         0.0466	         0
p	         0.2200	         0		         0.0472	         0
s	         0.1696	         0		         0.0472	         0
a	         0.3439	         0		         0.0469	         0
s	         0.3811	         0		         0.0471	         0
q	         0.3624	         0		         0.0466	         0
p	         0.2839	         0		         0.0466	         0
t	         0.1766	         0		         0.0463	         0
t	         0.2106	         0		         0.0475	         0
g	         0.2819	         0		         0.0472	         0
p	         0.3636	         0		         0.0477	         0
s	         0.2649	         0		         0.0476	         0
a	         0.2780	         0		         0.0477	         0
a	         0.1390	         0		         0.0474	         0
s	         0.1518	         0		         0.0453	         0
p	         0.1322	         0		         0.0454	         0
a	         0.1128	         0		         0.0426	         0
s	         0.2492	         0		         0.0429	         0
e	         0.1854	         0		         0.0426	         0
n	         0.2952	         0		         0.0428	         0
q	         0.3096	         0		         0.0429	         0
n	         0.3967	         0		         0.0432	         0
g	         0.2424	         0		         0.0433	         0
n	         0.4162	         0		         0.0438	         0
g	         0.2236	         0		         0.0438	         0
l	         0.1080	         0		         0.0426	         0
s	         0.2815	         0		         0.0445	         0
a	         0.1378	         0		         0.0431	         0
p	         0.1632	         0		         0.0436	         0
p	         0.1418	         0		         0.0446	         0
g	         0.2060	         0		         0.0446	         0
p	         0.1265	         0		         0.0532	         0
g	         0.1264	         0		         0.0521	         0
g	         0.1720	         0		         0.0525	         0
g	         0.3025	         0		         0.0569	         0
p	         0.1755	         0		         0.0574	         0
h	         0.2107	         0		         0.0554	         0
p	         0.1633	         0		         0.0542	         0
p	         0.1056	         0		         0.0533	         0
h	         0.1723	         0		         0.0511	         0
t	         0.1297	         0		         0.0496	         0
p	         0.1215	         0		         0.0426	         0
s	         0.2476	         0		         0.0431	         0
h	         0.3310	         0		         0.0431	         0
p	         0.2106	         0		         0.0430	         0
p	         0.1630	         0		         0.0421	         0
s	         0.2449	         0		         0.0424	         0
t	         0.2310	         0		         0.0430	         0
r	         0.4582	         0		         0.0435	         0
i	         0.1758	         0		         0.0402	         0
t	         0.3662	         0		         0.0416	         0
r	         0.3898	         0		         0.0418	         0
s	         0.3034	         0		         0.0424	         0
q	         0.2345	         0		         0.0418	         0
p	         0.1231	         0		         0.0409	         0
n	         0.2358	         0		         0.0429	         0
h	         0.2002	         0		         0.0476	         0
t	         0.2155	         0		         0.0477	         0
p	         0.0971	         0		         0.0464	         0
a	         0.1228	         0		         0.0479	         0
g	         0.1521	         0		         0.0495	         0
p	         0.1358	         0		         0.0479	         0
p	         0.1185	         0		         0.0487	         0
g	         0.1449	         0		         0.0369	         0
p	         0.2717	         0		         0.0393	         0
s	         0.1638	         0		         0.0380	         0
s	         0.3626	         0		         0.0312	         0
n	         0.3625	         0		         0.0303	         0
p	         0.3467	         0		         0.0304	         0
v	         0.1721	         0		         0.0283	         0
S	         0.5436	         1		         0.0299	         0
N	         0.4951	         1		         0.0295	         0
g	         0.3038	         0		         0.0291	         0
K	         0.6902	         1		         0.0293	         0
e	         0.2224	         0		         0.0282	         0
t	         0.4040	         0		         0.0289	         0
R	         0.7397	         1		         0.0294	         0
R	         0.7161	         1		         0.0296	         0
s	         0.2868	         0		         0.0282	         0
S	         0.4918	         1		         0.0298	         0
K	         0.7512	         1		         0.0320	         0
R	         0.7443	         1		         0.0304	         0
